60189 [(60189, 228089780606, 0.0), (60189, 228089791358, 0.0), (60189, 228090063392, 0.0), (60189, 228090063503, 0.0), (60189, 228090077162, 0.0), (60189, 228090077273, 0.0), (60189, 228220565677, 0.0)]
60191 [(60191, 228142585674, 0.0), (60191, 228142595381, 0.0), (60191, 228450895337, 0.0), (60191, 228450895651, 0.0), (60191, 228511510409, 0.0), (60191, 228511510545, 0.0), (60191, 228511626885, 0.0), (60191, 228511704498, 0.0)]
60194 [(60194, 228220630371, 0.0), (60194, 228456707968, 0.0), (60194, 228456708283, 0.0), (60194, 228512995614, 0.0), (60194, 228512995742, 0.0), (60194, 228513029699, 0.0), (60194, 228513029810, 0.0), (60194, 228513097869, 0.0), (60194, 228513097988, 0.0), (60194, 228513166107, 0.0), (60194, 228513166243, 0.0), (60194, 228513234201, 0.0), (60194, 228513234328, 0.0)]
60190 [(60190, 228423434999, 0.0), (60190, 228435635219, 0.0), (60190, 228435635338, 0.0), (60190, 228514420580, 0.0), (60190, 228514420716, 0.0)]
60200 [(60200, 228332716275, 0.0), (60200, 228334086552, 0.0), (60200, 228334086679, 0.0), (60200, 228345604230, 0.0), (60200, 228345604341, 0.0), (60200, 228756646712, 0.0), (60200, 228756647060, 0.0), (60200, 228762697539, 0.0), (60200, 228772444514, 0.0), (60200, 228772444642, 0.0), (60200, 228772669033, 0.0)]
60205 [(60205, 228333709466, 0.0), (60205, 228773563437, 0.0), (60205, 228775497034, 0.0), (60205, 228775497162, 0.0), (60205, 228787438446, 0.0), (60205, 228787438591, 0.0), (60205, 228792847387, 0.0), (60205, 228792847583, 0.0), (60205, 228793468397, 0.0), (60205, 228793468525, 0.0), (60205, 228793999486, 0.0), (60205, 228793999656, 0.0), (60205, 228794580639, 0.0), (60205, 228794580767, 0.0)]
60188 [(60188, 228077733369, 0.0), (60188, 228077733760, 0.0), (60188, 228077743535, 0.0), (60188, 228084582728, 0.0), (60188, 228085162760, 0.0), (60188, 228085163159, 0.0), (60188, 228099545474, 0.0), (60188, 228099545601, 0.0), (60188, 228461063045, 0.0), (60188, 229012984620, 0.0), (60188, 229012984969, 0.0), (60188, 229019602474, 0.0), (60188, 229021868846, 0.0)]
60195 [(60195, 228227286933, 0.0), (60195, 228483633954, 0.0), (60195, 228483634328, 0.0), (60195, 228486551570, 0.0), (60195, 228509300843, 0.0), (60195, 228509300970, 0.0), (60195, 229022734324, 0.0), (60195, 229035532885, 0.0), (60195, 229045429248, 0.0), (60195, 229048160400, 0.0)]
60197 [(60197, 228437231697, 0.0), (60197, 228444012045, 0.0), (60197, 228515939011, 0.0), (60197, 228515971473, 0.0), (60197, 228515971583, 0.0), (60197, 228516005609, 0.0), (60197, 228516005719, 0.0), (60197, 229048987416, 0.0)]
60225 [(60225, 228790660873, 0.0), (60225, 228790672203, 0.0), (60225, 228790879790, 0.0), (60225, 228790879901, 0.0), (60225, 228793444546, 0.0), (60225, 228793444657, 0.0), (60225, 228793946684, 0.0), (60225, 228793946811, 0.0), (60225, 228793989660, 0.0), (60225, 228793989770, 0.0), (60225, 228794631129, 0.0), (60225, 228794631452, 0.0), (60225, 228795048097, 0.0), (60225, 228795048207, 0.0), (60225, 229072021693, 0.0)]
60213 [(60213, 228511861281, 0.0), (60213, 228525860891, 0.0), (60213, 228541935675, 0.0), (60213, 228541936015, 0.0), (60213, 228545105325, 0.0), (60213, 228545105452, 0.0), (60213, 228561227691, 0.0), (60213, 228561227802, 0.0), (60213, 229200427470, 0.0), (60213, 229200427836, 0.0), (60213, 229204159064, 0.0), (60213, 229204293593, 0.0), (60213, 229204293704, 0.0)]
60212 [(60212, 228485334923, 0.0), (60212, 228503297174, 0.0), (60212, 228503297284, 0.0), (60212, 228566674245, 0.0), (60212, 228566674593, 0.0), (60212, 228580431299, 0.0), (60212, 228580431427, 0.0), (60212, 228588917767, 0.0), (60212, 228588917895, 0.0), (60212, 228593604140, 0.0), (60212, 228593604251, 0.0), (60212, 229207465827, 0.0), (60212, 229207466193, 0.0), (60212, 229210467806, 0.0)]
60199 [(60199, 228267304585, 0.0), (60199, 228267314130, 0.0), (60199, 228351439089, 0.0), (60199, 228351439446, 0.0), (60199, 228732848369, 0.0), (60199, 228732848684, 0.0), (60199, 228752580388, 0.0), (60199, 228752580703, 0.0), (60199, 228756038443, 0.0), (60199, 228756038613, 0.0)]
60201 [(60201, 228322910063, 0.0), (60201, 228795525142, 0.0), (60201, 228796372482, 0.0), (60201, 228796372601, 0.0), (60201, 228796372711, 0.0), (60201, 228802441524, 0.0), (60201, 229072305908, 0.0), (60201, 229102609776, 0.0), (60201, 229102609904, 0.0), (60201, 229303180672, 0.0), (60201, 229316807235, 0.0), (60201, 229316807345, 0.0)]
60204 [(60204, 228310345091, 0.0), (60204, 228310364913, 0.0), (60204, 228310365024, 0.0), (60204, 228322811633, 0.0), (60204, 228322811744, 0.0), (60204, 228921312639, 0.0), (60204, 228921313004, 0.0), (60204, 228924535346, 0.0), (60204, 228924535482, 0.0), (60204, 228926816499, 0.0), (60204, 228926816627, 0.0), (60204, 228943856067, 0.0), (60204, 228943856177, 0.0), (60204, 229335943676, 0.0), (60204, 229335943990, 0.0), (60204, 229348355792, 0.0)]
60202 [(60202, 228280357542, 0.0), (60202, 228287355422, 0.0), (60202, 228287355541, 0.0), (60202, 228287355651, 0.0), (60202, 228300285180, 0.0), (60202, 228300285290, 0.0), (60202, 228300349312, 0.0), (60202, 228300349423, 0.0), (60202, 228898402903, 0.0), (60202, 228912104368, 0.0), (60202, 228920947785, 0.0), (60202, 228920947912, 0.0), (60202, 229349048440, 0.0), (60202, 229349048755, 0.0), (60202, 229358924063, 0.0)]
60203 [(60203, 228295182247, 0.0), (60203, 228872854555, 0.0), (60203, 228872854870, 0.0), (60203, 228875080586, 0.0), (60203, 228875080739, 0.0), (60203, 228877529105, 0.0), (60203, 228877529309, 0.0), (60203, 228879337208, 0.0), (60203, 228879337361, 0.0), (60203, 228883414335, 0.0), (60203, 228883414445, 0.0), (60203, 229359567530, 0.0), (60203, 229367018069, 0.0), (60203, 229367018197, 0.0), (60203, 229371987781, 0.0)]
60196 [(60196, 228265681671, 0.0), (60196, 228265694846, 0.0), (60196, 228267305486, 0.0), (60196, 228272777981, 0.0), (60196, 228300373002, 0.0), (60196, 228841560343, 0.0), (60196, 228841560692, 0.0), (60196, 228844802507, 0.0), (60196, 228844802634, 0.0), (60196, 229374044169, 0.0), (60196, 229377852305, 0.0), (60196, 229377852433, 0.0), (60196, 229379840319, 0.0)]
60192 [(60192, 228154282932, 0.0), (60192, 228171061805, 0.0), (60192, 228378319200, 0.0), (60192, 228378319557, 0.0), (60192, 228978891707, 0.0), (60192, 228978892089, 0.0), (60192, 228983386328, 0.0), (60192, 228983386524, 0.0), (60192, 228985871074, 0.0), (60192, 228985871278, 0.0), (60192, 229001237289, 0.0), (60192, 229001237399, 0.0), (60192, 229382950503, 0.0), (60192, 229382950818, 0.0), (60192, 229382950928, 0.0)]
60226 [(60226, 228808914325, 0.0), (60226, 228808923361, 0.0), (60226, 228817142223, 0.0), (60226, 228817142334, 0.0), (60226, 229007201008, 0.0), (60226, 229007201127, 0.0), (60226, 229012390453, 0.0), (60226, 229012390683, 0.0), (60226, 229068327194, 0.0), (60226, 229068327304, 0.0), (60226, 229406608145, 0.0), (60226, 229406608460, 0.0)]
60198 [(60198, 228358850010, 0.0), (60198, 228368029296, 0.0), (60198, 228368029415, 0.0), (60198, 228378286416, 0.0), (60198, 228378286535, 0.0), (60198, 228864313271, 0.0), (60198, 228864313577, 0.0), (60198, 229044946439, 0.0), (60198, 229044946805, 0.0), (60198, 229045813584, 0.0), (60198, 229045813711, 0.0), (60198, 229045854265, 0.0), (60198, 229045854384, 0.0), (60198, 229048138155, 0.0)]
60218 [(60218, 228618988064, 0.0), (60218, 228628068835, 0.0), (60218, 228628068946, 0.0), (60218, 229208582940, 0.0), (60218, 229208583543, 0.0), (60218, 229208684957, 0.0), (60218, 229208685067, 0.0), (60218, 229484283653, 0.0), (60218, 229484284001, 0.0), (60218, 229487343840, 0.0), (60218, 229487343967, 0.0), (60218, 229489174332, 0.0), (60218, 229489174476, 0.0)]
60208 [(60208, 228413046860, 0.0), (60208, 228663218741, 0.0), (60208, 228663218851, 0.0), (60208, 228685731603, 0.0), (60208, 228685731713, 0.0), (60208, 229235749084, 0.0), (60208, 229235749433, 0.0), (60208, 229236552181, 0.0), (60208, 229236552292, 0.0), (60208, 229240770697, 0.0), (60208, 229240770825, 0.0), (60208, 229251186461, 0.0), (60208, 229251186589, 0.0), (60208, 229255032473, 0.0), (60208, 229255032822, 0.0), (60208, 229515170893, 0.0)]
60210 [(60210, 228458171286, 0.0), (60210, 228620421980, 0.0), (60210, 228620422108, 0.0), (60210, 228628126083, 0.0), (60210, 228628126193, 0.0), (60210, 228638919272, 0.0), (60210, 228638919383, 0.0), (60210, 229211226780, 0.0), (60210, 229211227094, 0.0), (60210, 229214535243, 0.0), (60210, 229214535371, 0.0), (60210, 229223109406, 0.0), (60210, 229223109516, 0.0), (60210, 229231923744, 0.0)]
60209 [(60209, 228435611410, 0.0), (60209, 228640386406, 0.0), (60209, 228640386517, 0.0), (60209, 229096882757, 0.0), (60209, 229317465169, 0.0), (60209, 229324360828, 0.0), (60209, 229324360947, 0.0), (60209, 229325645577, 0.0), (60209, 229325645705, 0.0), (60209, 229516522147, 0.0), (60209, 229518518567, 0.0), (60209, 229518518678, 0.0)]
60207 [(60207, 228390487596, 0.0), (60207, 228692438842, 0.0), (60207, 228692438970, 0.0), (60207, 229072654119, 0.0), (60207, 229072654467, 0.0), (60207, 229073607504, 0.0), (60207, 229073607615, 0.0), (60207, 229088749880, 0.0), (60207, 229088750059, 0.0), (60207, 229095204134, 0.0), (60207, 229095204245, 0.0), (60207, 229436500299, 0.0), (60207, 229436500614, 0.0)]
60211 [(60211, 228480736550, 0.0), (60211, 228593641472, 0.0), (60211, 228593641583, 0.0), (60211, 228616184042, 0.0), (60211, 228616184161, 0.0), (60211, 229280508546, 0.0), (60211, 229280508886, 0.0), (60211, 229285004850, 0.0), (60211, 229285005020, 0.0), (60211, 229525147505, 0.0), (60211, 229530296524, 0.0), (60211, 229530296652, 0.0), (60211, 229534848861, 0.0), (60211, 229534848971, 0.0), (60211, 229535176247, 0.0)]
60206 [(60206, 228358081542, 0.0), (60206, 228367929863, 0.0), (60206, 228367929990, 0.0), (60206, 228710271162, 0.0), (60206, 228710271511, 0.0), (60206, 229256779223, 0.0), (60206, 229258316346, 0.0), (60206, 229258316457, 0.0), (60206, 229548032896, 0.0)]
60223 [(60223, 228751470645, 0.0), (60223, 229511985654, 0.0), (60223, 229524317650, 0.0), (60223, 229666244088, 0.0), (60223, 229666244445, 0.0), (60223, 229666280238, 0.0), (60223, 229666280349, 0.0), (60223, 229666396875, 0.0), (60223, 229666397011, 0.0), (60223, 229666474718, 0.0), (60223, 229666474854, 0.0)]
60227 [(60227, 228824001426, 0.0), (60227, 229154561530, 0.0), (60227, 229154561878, 0.0), (60227, 229155531354, 0.0), (60227, 229155531609, 0.0), (60227, 229176959123, 0.0), (60227, 229176959234, 0.0), (60227, 229177101541, 0.0), (60227, 229177101651, 0.0), (60227, 229183304968, 0.0), (60227, 229183305079, 0.0), (60227, 229185226963, 0.0), (60227, 229199926336, 0.0), (60227, 229199926446, 0.0), (60227, 229667602354, 0.0)]
60214 [(60214, 228538705411, 0.0), (60214, 228819001479, 0.0), (60214, 228819001828, 0.0), (60214, 229380543346, 0.0), (60214, 229399166744, 0.0), (60214, 229399166871, 0.0), (60214, 229399720995, 0.0), (60214, 229399721105, 0.0), (60214, 229403416642, 0.0), (60214, 229405264601, 0.0), (60214, 229405264771, 0.0), (60214, 229661613840, 0.0), (60214, 229661614155, 0.0)]
60224 [(60224, 228754568385, 0.0), (60224, 228754589091, 0.0), (60224, 228756557615, 0.0), (60224, 228756557734, 0.0), (60224, 228763470146, 0.0), (60224, 228763470274, 0.0), (60224, 228771056116, 0.0), (60224, 228771056235, 0.0), (60224, 229140282354, 0.0), (60224, 229140282949, 0.0), (60224, 229580276584, 0.0), (60224, 229670210902, 0.0), (60224, 229670243287, 0.0)]
60234 [(60234, 228955783930, 0.0), (60234, 228955872236, 0.0), (60234, 229345364710, 0.0), (60234, 229345365025, 0.0), (60234, 229677266505, 0.0), (60234, 229677267083, 0.0), (60234, 229677366856, 0.0), (60234, 229678018874, 0.0), (60234, 229678019002, 0.0), (60234, 229684556216, 0.0), (60234, 229688167305, 0.0), (60234, 229688167458, 0.0)]
60231 [(60231, 228911825585, 0.0), (60231, 228925969440, 0.0), (60231, 229443641345, 0.0), (60231, 229443641889, 0.0), (60231, 229681544453, 0.0), (60231, 229681544802, 0.0), (60231, 229683185021, 0.0), (60231, 229683185149, 0.0), (60231, 229685686656, 0.0), (60231, 229685686784, 0.0), (60231, 229689944527, 0.0), (60231, 229689944680, 0.0)]
60229 [(60229, 228872807550, 0.0), (60229, 228877250118, 0.0), (60229, 228883379408, 0.0), (60229, 228883379519, 0.0), (60229, 229405495563, 0.0), (60229, 229405495878, 0.0), (60229, 229428040496, 0.0), (60229, 229691502832, 0.0), (60229, 229691503181, 0.0), (60229, 229692632185, 0.0), (60229, 229692632312, 0.0), (60229, 229693502797, 0.0), (60229, 229693502925, 0.0), (60229, 229695864412, 0.0), (60229, 229695864539, 0.0)]
60222 [(60222, 228707009083, 0.0), (60222, 228728911339, 0.0), (60222, 229095168375, 0.0), (60222, 229095168723, 0.0), (60222, 229102472943, 0.0), (60222, 229102473054, 0.0), (60222, 229110632340, 0.0), (60222, 229110632450, 0.0), (60222, 229489431236, 0.0), (60222, 229489431618, 0.0), (60222, 229511304133, 0.0), (60222, 229511304269, 0.0), (60222, 229697930702, 0.0), (60222, 229697931017, 0.0), (60222, 229699224963, 0.0), (60222, 229699225074, 0.0)]
60237 [(60237, 229027752894, 0.0), (60237, 229300249787, 0.0), (60237, 229677963412, 0.0), (60237, 229677963769, 0.0), (60237, 229691815241, 0.0), (60237, 229691815369, 0.0), (60237, 229694131576, 0.0), (60237, 229694131687, 0.0)]
60193 [(60193, 228193614107, 0.0), (60193, 228198077610, 0.0), (60193, 228198077720, 0.0), (60193, 228400876262, 0.0), (60193, 228945289456, 0.0), (60193, 228954048629, 0.0), (60193, 228954048757, 0.0), (60193, 229059587188, 0.0), (60193, 229059587528, 0.0), (60193, 229466198823, 0.0), (60193, 229699858638, 0.0)]
60236 [(60236, 229005049309, 0.0), (60236, 229103623112, 0.0), (60236, 229103623461, 0.0), (60236, 229550706673, 0.0), (60236, 229550707030, 0.0), (60236, 229561974741, 0.0), (60236, 229561974868, 0.0), (60236, 229563016348, 0.0), (60236, 229563016475, 0.0), (60236, 229570583600, 0.0), (60236, 229570583711, 0.0), (60236, 229765628102, 0.0), (60236, 229765628451, 0.0)]
60219 [(60219, 228647066624, 0.0), (60219, 228647212017, 0.0), (60219, 229231858753, 0.0), (60219, 229231859119, 0.0), (60219, 229460934790, 0.0), (60219, 229472451245, 0.0), (60219, 229472451372, 0.0), (60219, 229707099822, 0.0)]
60221 [(60221, 228690596629, 0.0), (60221, 228706346432, 0.0), (60221, 229277692198, 0.0), (60221, 229277692513, 0.0), (60221, 229625391889, 0.0), (60221, 229647937434, 0.0), (60221, 229745349134, 0.0), (60221, 229753849474, 0.0), (60221, 229753849601, 0.0), (60221, 229770262056, 0.0), (60221, 229770262379, 0.0), (60221, 229841982268, 0.0), (60221, 229841982599, 0.0)]
60235 [(60235, 228983160730, 0.0), (60235, 228999271536, 0.0), (60235, 228999271655, 0.0), (60235, 229322807606, 0.0), (60235, 229322807929, 0.0), (60235, 229654120436, 0.0), (60235, 229772401718, 0.0), (60235, 229780750920, 0.0), (60235, 229780751030, 0.0), (60235, 229846833728, 0.0), (60235, 229846833864, 0.0)]
60232 [(60232, 228949254927, 0.0), (60232, 229367922682, 0.0), (60232, 229367923005, 0.0), (60232, 229428825233, 0.0), (60232, 229428825581, 0.0), (60232, 229429297085, 0.0), (60232, 229429297195, 0.0), (60232, 229592785626, 0.0), (60232, 229592786221, 0.0), (60232, 229729659698, 0.0), (60232, 229743410326, 0.0), (60232, 229743410445, 0.0)]
60230 [(60230, 228908864890, 0.0), (60230, 229428129338, 0.0), (60230, 229428129457, 0.0), (60230, 229453885808, 0.0), (60230, 229453886123, 0.0), (60230, 229459062164, 0.0), (60230, 229459062274, 0.0), (60230, 229638839867, 0.0), (60230, 229638840215, 0.0), (60230, 229794954581, 0.0), (60230, 229794954896, 0.0), (60230, 229798588603, 0.0), (60230, 229798588731, 0.0)]
60220 [(60220, 228683786862, 0.0), (60220, 229255135689, 0.0), (60220, 229255135799, 0.0), (60220, 229535167985, 0.0), (60220, 229549749131, 0.0), (60220, 229671245709, 0.0), (60220, 229677380677, 0.0), (60220, 229677380813, 0.0), (60220, 229707057016, 0.0), (60220, 229707057365, 0.0), (60220, 229720473986, 0.0), (60220, 229720474096, 0.0), (60220, 229825325039, 0.0), (60220, 229875425866, 0.0)]
60228 [(60228, 228863741544, 0.0), (60228, 229615338990, 0.0), (60228, 229615339339, 0.0), (60228, 229618211965, 0.0), (60228, 229618212092, 0.0), (60228, 229622771671, 0.0), (60228, 229622771790, 0.0), (60228, 229818588644, 0.0), (60228, 229818588993, 0.0), (60228, 229830266225, 0.0), (60228, 229830266344, 0.0), (60228, 229871237058, 0.0), (60228, 229875841261, 0.0)]
60217 [(60217, 228616104227, 0.0), (60217, 229490820969, 0.0), (60217, 229506447879, 0.0), (60217, 229506448006, 0.0), (60217, 229509130666, 0.0), (60217, 229509130793, 0.0), (60217, 229706660644, 0.0), (60217, 229706803648, 0.0), (60217, 229706803776, 0.0), (60217, 229876095275, 0.0), (60217, 229876095547, 0.0), (60217, 229876095743, 0.0), (60217, 229881744205, 0.0)]
60216 [(60216, 228578171149, 0.0), (60216, 228578869866, 0.0), (60216, 229162840929, 0.0), (60216, 229557719318, 0.0), (60216, 229780212487, 0.0), (60216, 229780750886, 0.0), (60216, 229780750996, 0.0), (60216, 229882654589, 0.0), (60216, 229890347106, 0.0), (60216, 229890347421, 0.0), (60216, 229893027590, 0.0)]
60233 [(60233, 228957047642, 0.0), (60233, 228957056992, 0.0), (60233, 228966089270, 0.0), (60233, 228973214837, 0.0), (60233, 228973215007, 0.0), (60233, 228978542671, 0.0), (60233, 229126192100, 0.0), (60233, 229150654471, 0.0), (60233, 229150654819, 0.0), (60233, 229575438758, 0.0), (60233, 229802769702, 0.0), (60233, 229893730506, 0.0)]
60215 [(60215, 228570980056, 0.0), (60215, 229602835125, 0.0), (60215, 229625379658, 0.0), (60215, 229747707323, 0.0), (60215, 229747707663, 0.0), (60215, 229895373845, 0.0), (60215, 229895648548, 0.0), (60215, 229895648667, 0.0), (60215, 229895905894, 0.0), (60215, 229895906004, 0.0)]
60189 [(60189, 228090063503, 0.000107), (60189, 228090077273, 0.000107)]
60194 [(60194, 228456708283, 0.000107), (60194, 228512995742, 0.000107)]
60190 [(60190, 228435635338, 0.000107)]
60200 [(60200, 228345604341, 0.000107), (60200, 228762697539, 0.000107), (60200, 228772444642, 0.000107)]
60205 [(60205, 228775497162, 0.000107), (60205, 228787438591, 0.000107), (60205, 228793468525, 0.000107), (60205, 228793999656, 0.000107), (60205, 228794580767, 0.000107)]
60188 [(60188, 228077743535, 0.000107), (60188, 229012984969, 0.000107), (60188, 229021868846, 0.000107)]
60195 [(60195, 228483634328, 0.000107), (60195, 229045429248, 0.000107)]
60197 [(60197, 228515971473, 0.000107), (60197, 228516005609, 0.000107)]
60225 [(60225, 228790879901, 0.000107), (60225, 228793444657, 0.000107), (60225, 228793989660, 0.000107), (60225, 228795048097, 0.000107)]
60213 [(60213, 228541936015, 0.000107), (60213, 228561227802, 0.000107), (60213, 229200427836, 0.000107), (60213, 229204293704, 0.000107)]
60212 [(60212, 228503297174, 0.000107), (60212, 228580431427, 0.000107), (60212, 228588917895, 0.000107), (60212, 228593604251, 0.000107), (60212, 229207466193, 0.000107)]
60199 [(60199, 228732848684, 0.000107), (60199, 228752580703, 0.000107)]
60201 [(60201, 228796372601, 0.000107), (60201, 229102609904, 0.000107), (60201, 229316807235, 0.000107)]
60204 [(60204, 228310365024, 0.000107), (60204, 228322811744, 0.000107), (60204, 228924535482, 0.000107), (60204, 228926816627, 0.000107), (60204, 228943856067, 0.000107)]
60202 [(60202, 228287355541, 0.000107), (60202, 228300285180, 0.000107), (60202, 228300349423, 0.000107), (60202, 229349048755, 0.000107)]
60203 [(60203, 228872854870, 0.000107), (60203, 228877529309, 0.000107), (60203, 228879337361, 0.000107), (60203, 228883414335, 0.000107), (60203, 229367018197, 0.000107)]
60196 [(60196, 228267305486, 0.000107), (60196, 228841560692, 0.000107), (60196, 229377852433, 0.000107)]
60192 [(60192, 228171061805, 0.000107), (60192, 228985871278, 0.000107), (60192, 229001237289, 0.000107), (60192, 229382950818, 0.000107)]
60226 [(60226, 228808923361, 0.000107), (60226, 228817142334, 0.000107), (60226, 229012390683, 0.000107), (60226, 229068327194, 0.000107), (60226, 229406608460, 0.000107)]
60198 [(60198, 228368029415, 0.000107), (60198, 228864313577, 0.000107), (60198, 229045854384, 0.000107)]
60218 [(60218, 229208684957, 0.000107)]
60208 [(60208, 228663218741, 0.000107), (60208, 228685731603, 0.000107), (60208, 229235749433, 0.000107), (60208, 229236552292, 0.000107), (60208, 229240770825, 0.000107), (60208, 229251186589, 0.000107), (60208, 229255032822, 0.000107)]
60210 [(60210, 228620422108, 0.000107), (60210, 228628126083, 0.000107), (60210, 228638919383, 0.000107), (60210, 229214535371, 0.000107), (60210, 229223109406, 0.000107)]
60209 [(60209, 228640386517, 0.000107), (60209, 229324360947, 0.000107), (60209, 229325645705, 0.000107), (60209, 229518518678, 0.000107)]
60207 [(60207, 228692438970, 0.000107), (60207, 229073607615, 0.000107), (60207, 229088750059, 0.000107), (60207, 229095204245, 0.000107), (60207, 229436500614, 0.000107)]
60211 [(60211, 228593641583, 0.000107), (60211, 228616184161, 0.000107), (60211, 229280508886, 0.000107), (60211, 229530296652, 0.000107), (60211, 229534848861, 0.000107)]
60206 [(60206, 228710271511, 0.000107), (60206, 229258316457, 0.000107)]
60223 [(60223, 229524317650, 0.000107), (60223, 229666244445, 0.000107), (60223, 229666280349, 0.000107)]
60227 [(60227, 229177101541, 0.000107), (60227, 229183305079, 0.000107), (60227, 229199926336, 0.000107)]
60214 [(60214, 228819001828, 0.000107), (60214, 229399720995, 0.000107), (60214, 229661614155, 0.000107)]
60224 [(60224, 228756557734, 0.000107), (60224, 228763470274, 0.000107), (60224, 228771056235, 0.000107)]
60234 [(60234, 229345365025, 0.000107), (60234, 229678019002, 0.000107), (60234, 229684556216, 0.000107), (60234, 229688167458, 0.000107)]
60231 [(60231, 229443641889, 0.000107), (60231, 229681544802, 0.000107), (60231, 229683185149, 0.000107), (60231, 229685686784, 0.000107)]
60229 [(60229, 228877250118, 0.000107), (60229, 228883379519, 0.000107), (60229, 229405495878, 0.000107), (60229, 229428040496, 0.000107), (60229, 229691503181, 0.000107), (60229, 229693502925, 0.000107)]
60222 [(60222, 229102473054, 0.000107), (60222, 229110632340, 0.000107), (60222, 229697931017, 0.000107), (60222, 229699225074, 0.000107)]
60237 [(60237, 229677963769, 0.000107), (60237, 229691815369, 0.000107), (60237, 229694131687, 0.000107)]
60193 [(60193, 228198077610, 0.000107), (60193, 228954048757, 0.000107), (60193, 229059587528, 0.000107)]
60236 [(60236, 229103623461, 0.000107), (60236, 229570583711, 0.000107), (60236, 229765628451, 0.000107)]
60219 [(60219, 228647212017, 0.000107), (60219, 229231859119, 0.000107)]
60221 [(60221, 228706346432, 0.000107), (60221, 229277692513, 0.000107), (60221, 229647937434, 0.000107), (60221, 229770262379, 0.000107)]
60235 [(60235, 229322807929, 0.000107), (60235, 229780750920, 0.000107), (60235, 229846833864, 0.000107)]
60232 [(60232, 229367923005, 0.000107), (60232, 229429297085, 0.000107), (60232, 229592786221, 0.000107)]
60230 [(60230, 229428129457, 0.000107), (60230, 229453886123, 0.000107), (60230, 229459062164, 0.000107), (60230, 229794954896, 0.000107), (60230, 229798588731, 0.000107)]
60220 [(60220, 229255135689, 0.000107), (60220, 229707057365, 0.000107), (60220, 229720473986, 0.000107)]
60228 [(60228, 229615339339, 0.000107), (60228, 229622771790, 0.000107), (60228, 229818588993, 0.000107), (60228, 229830266344, 0.000107)]
60217 [(60217, 229706803776, 0.000107)]
60216 [(60216, 229780750886, 0.000107), (60216, 229890347421, 0.000107), (60216, 229893027590, 0.000107)]
60233 [(60233, 228957056992, 0.000107)]
60215 [(60215, 229747707663, 0.000107), (60215, 229895905894, 0.000107)]
60189 [(60189, 228089791358, 0.000108), (60189, 228090063392, 0.000108), (60189, 228090077162, 0.000108), (60189, 228220565677, 0.000108)]
60191 [(60191, 228142595381, 0.000108), (60191, 228450895651, 0.000108), (60191, 228511510545, 0.000108)]
60194 [(60194, 228513029699, 0.000108), (60194, 228513097988, 0.000108), (60194, 228513166243, 0.000108), (60194, 228513234328, 0.000108)]
60200 [(60200, 228334086679, 0.000108), (60200, 228345604230, 0.000108), (60200, 228756647060, 0.000108)]
60188 [(60188, 228084582728, 0.000108), (60188, 228099545601, 0.000108)]
60195 [(60195, 228509300970, 0.000108)]
60197 [(60197, 228515971583, 0.000108), (60197, 228516005719, 0.000108)]
60225 [(60225, 228790672203, 0.000108), (60225, 228790879790, 0.000108), (60225, 228793444546, 0.000108), (60225, 228793946811, 0.000108), (60225, 228793989770, 0.000108), (60225, 228794631452, 0.000108), (60225, 228795048207, 0.000108)]
60213 [(60213, 228525860891, 0.000108), (60213, 228545105452, 0.000108), (60213, 228561227691, 0.000108), (60213, 229204293593, 0.000108)]
60212 [(60212, 228503297284, 0.000108), (60212, 228566674593, 0.000108), (60212, 228593604140, 0.000108)]
60199 [(60199, 228267314130, 0.000108), (60199, 228351439446, 0.000108), (60199, 228756038613, 0.000108)]
60201 [(60201, 228796372711, 0.000108), (60201, 229316807345, 0.000108)]
60204 [(60204, 228310364913, 0.000108), (60204, 228322811633, 0.000108), (60204, 228921313004, 0.000108), (60204, 228943856177, 0.000108), (60204, 229335943990, 0.000108)]
60202 [(60202, 228287355651, 0.000108), (60202, 228300285290, 0.000108), (60202, 228300349312, 0.000108), (60202, 228920947912, 0.000108)]
60203 [(60203, 228875080739, 0.000108), (60203, 228883414445, 0.000108), (60203, 229371987781, 0.000108)]
60196 [(60196, 228265694846, 0.000108), (60196, 228844802634, 0.000108)]
60192 [(60192, 228378319557, 0.000108), (60192, 228978892089, 0.000108), (60192, 229001237399, 0.000108), (60192, 229382950928, 0.000108)]
60226 [(60226, 228817142223, 0.000108), (60226, 229068327304, 0.000108)]
60198 [(60198, 229045813711, 0.000108), (60198, 229048138155, 0.000108)]
60218 [(60218, 228628068835, 0.000108), (60218, 229208583543, 0.000108), (60218, 229208685067, 0.000108), (60218, 229484284001, 0.000108), (60218, 229487343967, 0.000108), (60218, 229489174476, 0.000108)]
60208 [(60208, 228663218851, 0.000108), (60208, 228685731713, 0.000108), (60208, 229236552181, 0.000108)]
60210 [(60210, 228628126193, 0.000108), (60210, 228638919272, 0.000108), (60210, 229211227094, 0.000108), (60210, 229223109516, 0.000108)]
60209 [(60209, 228640386406, 0.000108), (60209, 229518518567, 0.000108)]
60207 [(60207, 229072654467, 0.000108), (60207, 229073607504, 0.000108), (60207, 229095204134, 0.000108)]
60211 [(60211, 228593641472, 0.000108), (60211, 229285005020, 0.000108), (60211, 229534848971, 0.000108)]
60206 [(60206, 228367929990, 0.000108), (60206, 229258316346, 0.000108)]
60223 [(60223, 229666280238, 0.000108), (60223, 229666397011, 0.000108), (60223, 229666474854, 0.000108)]
60227 [(60227, 229154561878, 0.000108), (60227, 229155531609, 0.000108), (60227, 229176959123, 0.000108), (60227, 229177101651, 0.000108), (60227, 229183304968, 0.000108), (60227, 229199926446, 0.000108)]
60214 [(60214, 229399166871, 0.000108), (60214, 229399721105, 0.000108), (60214, 229405264771, 0.000108)]
60224 [(60224, 228754589091, 0.000108), (60224, 229140282949, 0.000108)]
60234 [(60234, 228955872236, 0.000108), (60234, 229677267083, 0.000108), (60234, 229677366856, 0.000108)]
60231 [(60231, 228925969440, 0.000108), (60231, 229689944680, 0.000108)]
60229 [(60229, 228883379408, 0.000108), (60229, 229692632312, 0.000108), (60229, 229695864539, 0.000108)]
60222 [(60222, 228728911339, 0.000108), (60222, 229095168723, 0.000108), (60222, 229102472943, 0.000108), (60222, 229110632450, 0.000108), (60222, 229489431618, 0.000108), (60222, 229699224963, 0.000108)]
60237 [(60237, 229694131576, 0.000108)]
60193 [(60193, 228198077720, 0.000108)]
60236 [(60236, 229550707030, 0.000108), (60236, 229561974868, 0.000108), (60236, 229563016475, 0.000108), (60236, 229570583600, 0.000108)]
60219 [(60219, 229472451372, 0.000108)]
60221 [(60221, 229753849601, 0.000108), (60221, 229841982599, 0.000108)]
60235 [(60235, 228999271655, 0.000108), (60235, 229780751030, 0.000108)]
60232 [(60232, 229428825581, 0.000108), (60232, 229429297195, 0.000108), (60232, 229743410445, 0.000108)]
60230 [(60230, 229459062274, 0.000108), (60230, 229638840215, 0.000108)]
60220 [(60220, 229255135799, 0.000108), (60220, 229549749131, 0.000108), (60220, 229677380813, 0.000108), (60220, 229720474096, 0.000108)]
60228 [(60228, 229618212092, 0.000108)]
60217 [(60217, 229506448006, 0.000108), (60217, 229509130793, 0.000108), (60217, 229881744205, 0.000108)]
60216 [(60216, 228578869866, 0.000108), (60216, 229780750996, 0.000108)]
60233 [(60233, 228973215007, 0.000108), (60233, 228978542671, 0.000108), (60233, 229150654819, 0.000108)]
60215 [(60215, 229895906004, 0.000108)]
60194 [(60194, 228513029810, 0.000115), (60194, 228513097869, 0.000115)]
60190 [(60190, 228435635219, 0.000115), (60190, 228514420716, 0.000115)]
60205 [(60205, 228792847583, 0.000115)]
60195 [(60195, 229035532885, 0.000115)]
60201 [(60201, 228796372482, 0.000115)]
60202 [(60202, 228287355422, 0.000115)]
60196 [(60196, 228272777981, 0.000115)]
60192 [(60192, 228983386524, 0.000115)]
60226 [(60226, 229007201008, 0.000115), (60226, 229007201127, 0.000115)]
60198 [(60198, 228368029296, 0.000115), (60198, 228378286416, 0.000115), (60198, 228378286535, 0.000115), (60198, 229044946805, 0.000115), (60198, 229045854265, 0.000115)]
60218 [(60218, 228628068946, 0.000115)]
60209 [(60209, 229324360828, 0.000115)]
60211 [(60211, 228616184042, 0.000115)]
60227 [(60227, 229176959234, 0.000115)]
60224 [(60224, 228756557615, 0.000115), (60224, 228771056116, 0.000115), (60224, 229670243287, 0.000115)]
60222 [(60222, 229511304269, 0.000115)]
60235 [(60235, 228999271536, 0.000115)]
60232 [(60232, 229743410326, 0.000115)]
60230 [(60230, 229428129338, 0.000115)]
60228 [(60228, 229622771671, 0.000115), (60228, 229830266225, 0.000115)]
60217 [(60217, 229742423043, 0.000115)]
60215 [(60215, 229895648548, 0.000115), (60215, 229895648667, 0.000115)]
60191 [(60191, 228511626885, 0.000123)]
60194 [(60194, 228513234201, 0.000123)]
60200 [(60200, 228334086552, 0.000123), (60200, 228762124758, 0.000123)]
60188 [(60188, 228099545474, 0.000123)]
60195 [(60195, 228509300843, 0.000123)]
60225 [(60225, 228790879663, 0.000123), (60225, 228793946684, 0.000123)]
60213 [(60213, 228545105325, 0.000123), (60213, 229204159064, 0.000123)]
60202 [(60202, 228912104368, 0.000123), (60202, 228920947785, 0.000123)]
60196 [(60196, 228300373002, 0.000123), (60196, 228844802507, 0.000123)]
60198 [(60198, 229045813584, 0.000123)]
60218 [(60218, 229487343840, 0.000123)]
60211 [(60211, 229535176247, 0.000123)]
60206 [(60206, 228367929863, 0.000123)]
60214 [(60214, 229399166744, 0.000123), (60214, 229403416642, 0.000123)]
60224 [(60224, 229670210902, 0.000123)]
60231 [(60231, 228925969313, 0.000123)]
60229 [(60229, 229692632185, 0.000123), (60229, 229695864412, 0.000123)]
60236 [(60236, 229561974741, 0.000123), (60236, 229563016348, 0.000123)]
60219 [(60219, 229472451245, 0.000123)]
60221 [(60221, 229753849474, 0.000123)]
60220 [(60220, 229549749004, 0.000123)]
60228 [(60228, 229618211965, 0.000123)]
60217 [(60217, 229506447879, 0.000123), (60217, 229509130666, 0.000123), (60217, 229876095743, 0.000123)]
60215 [(60215, 229625379658, 0.000123)]
60189 [(60189, 228090095998, 0.000124)]
60194 [(60194, 228512995614, 0.000124)]
60200 [(60200, 228772444514, 0.000124), (60200, 228772669033, 0.000124)]
60205 [(60205, 228775497034, 0.000124), (60205, 228793468397, 0.000124), (60205, 228794580639, 0.000124)]
60197 [(60197, 228444012045, 0.000124)]
60212 [(60212, 228580431299, 0.000124), (60212, 228588917767, 0.000124), (60212, 229210467806, 0.000124)]
60201 [(60201, 229102609776, 0.000124)]
60204 [(60204, 228926816499, 0.000124), (60204, 229348355792, 0.000124)]
60202 [(60202, 229358924063, 0.000124)]
60203 [(60203, 229367018069, 0.000124)]
60196 [(60196, 229377852305, 0.000124), (60196, 229379840319, 0.000124)]
60198 [(60198, 228368029168, 0.000124)]
60208 [(60208, 229240770697, 0.000124), (60208, 229251186461, 0.000124)]
60210 [(60210, 228620421980, 0.000124), (60210, 229214535243, 0.000124)]
60209 [(60209, 229325645577, 0.000124)]
60207 [(60207, 228692438842, 0.000124)]
60211 [(60211, 229530296524, 0.000124)]
60214 [(60214, 228538826196, 0.000124)]
60224 [(60224, 228756557487, 0.000124), (60224, 228763470146, 0.000124)]
60234 [(60234, 229678018874, 0.000124)]
60231 [(60231, 229683185021, 0.000124), (60231, 229685686656, 0.000124)]
60229 [(60229, 228877249990, 0.000124), (60229, 229693502797, 0.000124)]
60237 [(60237, 229691815241, 0.000124)]
60193 [(60193, 228954048629, 0.000124)]
60230 [(60230, 229798588603, 0.000124)]
60228 [(60228, 229875841261, 0.000124)]
60217 [(60217, 229706803648, 0.000124)]
60233 [(60233, 228966089270, 0.000124)]
60189 [(60189, 228243809021, 0.000132)]
60191 [(60191, 228511510409, 0.000132)]
60194 [(60194, 228513166107, 0.000132)]
60190 [(60190, 228435635083, 0.000132), (60190, 228514420580, 0.000132)]
60205 [(60205, 228333741163, 0.000132)]
60188 [(60188, 228084582592, 0.000132), (60188, 229019602474, 0.000132)]
60213 [(60213, 228511974849, 0.000132)]
60212 [(60212, 228485439617, 0.000132)]
60201 [(60201, 228322964191, 0.000132)]
60204 [(60204, 228310364777, 0.000132), (60204, 228924535346, 0.000132)]
60196 [(60196, 228267305350, 0.000132)]
60226 [(60226, 228817142087, 0.000132)]
60218 [(60218, 228619359353, 0.000132)]
60210 [(60210, 228638919136, 0.000132), (60210, 228638928206, 0.000132)]
60206 [(60206, 228358811437, 0.000132)]
60223 [(60223, 229524317514, 0.000132), (60223, 229666396875, 0.000132), (60223, 229666474718, 0.000132)]
60224 [(60224, 228771055980, 0.000132)]
60234 [(60234, 228955872100, 0.000132)]
60231 [(60231, 228925695468, 0.000132), (60231, 229453733514, 0.000132)]
60222 [(60222, 229511304133, 0.000132)]
60237 [(60237, 229678009371, 0.000132)]
60193 [(60193, 229480095728, 0.000132)]
60236 [(60236, 229005221919, 0.000132)]
60221 [(60221, 228691149001, 0.000132)]
60235 [(60235, 228985244029, 0.000132), (60235, 229846833728, 0.000132)]
60230 [(60230, 229428129202, 0.000132)]
60220 [(60220, 229677380677, 0.000132)]
60216 [(60216, 228578869730, 0.000132)]
60195 [(60195, 229048160400, 0.000139)]
60218 [(60218, 229489174332, 0.000139)]
60236 [(60236, 229005049165, 0.000139)]
60219 [(60219, 229231912720, 0.000139)]
60191 [(60191, 228511704498, 0.00014)]
60205 [(60205, 228787438446, 0.00014)]
60225 [(60225, 228793989515, 0.00014), (60225, 228795047952, 0.00014)]
60212 [(60212, 228485334778, 0.00014)]
60232 [(60232, 228949254782, 0.00014)]
60215 [(60215, 229895996410, 0.00014)]
60200 [(60200, 228763446414, 0.000148)]
60195 [(60195, 228486551570, 0.000148)]
60225 [(60225, 228790660720, 0.000148), (60225, 228793988096, 0.000148)]
60213 [(60213, 228511861128, 0.000148)]
60199 [(60199, 228753500641, 0.000148)]
60201 [(60201, 228322909910, 0.000148)]
60204 [(60204, 228310344938, 0.000148)]
60203 [(60203, 228875080586, 0.000148), (60203, 228879337208, 0.000148)]
60218 [(60218, 229208686376, 0.000148)]
60209 [(60209, 228661467894, 0.000148)]
60211 [(60211, 229534848708, 0.000148)]
60206 [(60206, 228358081389, 0.000148)]
60224 [(60224, 228770941910, 0.000148)]
60234 [(60234, 229677366703, 0.000148), (60234, 229677368548, 0.000148), (60234, 229688167305, 0.000148)]
60231 [(60231, 228911825432, 0.000148), (60231, 229689944527, 0.000148)]
60237 [(60237, 229692623132, 0.000148)]
60219 [(60219, 228647066471, 0.000148), (60219, 228647211864, 0.000148), (60219, 229239549825, 0.000148), (60219, 229251152121, 0.000148)]
60221 [(60221, 228690596476, 0.000148)]
60235 [(60235, 228983160577, 0.000148)]
60216 [(60216, 228578170996, 0.000148)]
60215 [(60215, 229764777159, 0.000148)]
60218 [(60218, 228618987903, 0.000156)]
60229 [(60229, 228872807389, 0.000156)]
60188 [(60188, 228085163159, 0.000157)]
60200 [(60200, 228345604060, 0.000165)]
60205 [(60205, 228793999486, 0.000165)]
60188 [(60188, 228085220194, 0.000165)]
60199 [(60199, 228756038443, 0.000165)]
60202 [(60202, 228300349142, 0.000165)]
60218 [(60218, 229208684787, 0.000165)]
60211 [(60211, 229285004850, 0.000165)]
60214 [(60214, 229405264601, 0.000165)]
60231 [(60231, 229453727887, 0.000165)]
60235 [(60235, 229667897236, 0.000165)]
60233 [(60233, 228973214837, 0.000165)]
60201 [(60201, 228802441524, 0.000173)]
60207 [(60207, 229088749880, 0.000173)]
60205 [(60205, 228792847387, 0.00019)]
60192 [(60192, 228983386328, 0.00019)]
60217 [(60217, 229876095547, 0.00019)]
60203 [(60203, 228877529105, 0.000198)]
60192 [(60192, 228985871074, 0.000198)]
60199 [(60199, 228753495745, 0.000214)]
60226 [(60226, 229012390453, 0.000223)]
60227 [(60227, 229155531354, 0.000247)]
60217 [(60217, 229876095275, 0.000263)]
60198 [(60198, 228864313271, 0.000296)]
60227 [(60227, 229185226963, 0.000296)]
60191 [(60191, 228450895337, 0.000304)]
60201 [(60201, 229072305908, 0.000304)]
60204 [(60204, 229335943676, 0.000304)]
60210 [(60210, 229211226780, 0.000304)]
60209 [(60209, 229096882757, 0.000304)]
60227 [(60227, 229667602354, 0.000304)]
60193 [(60193, 228945289456, 0.000304)]
60235 [(60235, 229654120436, 0.000304)]
60232 [(60232, 229729659698, 0.000304)]
60220 [(60220, 229535167985, 0.000304)]
60216 [(60216, 229557719318, 0.000304)]
60233 [(60233, 229575438758, 0.000304)]
60215 [(60215, 229602835125, 0.000304)]
60194 [(60194, 228456707968, 0.000305)]
60188 [(60188, 228461063045, 0.000305)]
60199 [(60199, 228732848369, 0.000305), (60199, 228752580388, 0.000305)]
60201 [(60201, 228795525142, 0.000305)]
60202 [(60202, 229349048440, 0.000305)]
60203 [(60203, 228872854555, 0.000305)]
60192 [(60192, 229382950503, 0.000305)]
60226 [(60226, 229406608145, 0.000305)]
60207 [(60207, 229436500299, 0.000305)]
60206 [(60206, 229256779223, 0.000305)]
60223 [(60223, 229511985654, 0.000305)]
60214 [(60214, 229661613840, 0.000305)]
60234 [(60234, 229345364710, 0.000305)]
60229 [(60229, 229405495563, 0.000305)]
60222 [(60222, 229697930702, 0.000305)]
60193 [(60193, 228400876262, 0.000305), (60193, 229466198823, 0.000305)]
60219 [(60219, 229460934790, 0.000305), (60219, 229707099822, 0.000305)]
60221 [(60221, 229277692198, 0.000305)]
60230 [(60230, 229453885808, 0.000305), (60230, 229794954581, 0.000305)]
60216 [(60216, 229780212487, 0.000305), (60216, 229890347106, 0.000305)]
60233 [(60233, 229802769702, 0.000305)]
60225 [(60225, 228794631129, 0.000313)]
60210 [(60210, 229231923744, 0.000313)]
60209 [(60209, 229317465169, 0.000313), (60209, 229516522147, 0.000313)]
60224 [(60224, 229580276584, 0.000313)]
60221 [(60221, 229770262056, 0.000313)]
60235 [(60235, 229322807606, 0.000313)]
60232 [(60232, 229367922682, 0.000313)]
60233 [(60233, 229126192100, 0.000313)]
60221 [(60221, 229841982268, 0.000321)]
60213 [(60213, 228541935675, 0.000329)]
60211 [(60211, 229280508546, 0.000329)]
60193 [(60193, 229059587188, 0.000329)]
60220 [(60220, 229875425866, 0.000329)]
60215 [(60215, 229747707323, 0.000329)]
60200 [(60200, 228756646712, 0.000337)]
60212 [(60212, 228566674245, 0.000337)]
60218 [(60218, 229484283653, 0.000337)]
60207 [(60207, 229072654119, 0.000337)]
60227 [(60227, 229154561530, 0.000337)]
60222 [(60222, 229095168375, 0.000337)]
60232 [(60232, 229428825233, 0.000337)]
60230 [(60230, 229638839867, 0.000337)]
60220 [(60220, 229671245709, 0.000337)]
60233 [(60233, 229150654471, 0.000337)]
60205 [(60205, 228773563437, 0.000338)]
60188 [(60188, 229012984620, 0.000338)]
60197 [(60197, 228515939011, 0.000338)]
60225 [(60225, 229072021693, 0.000338)]
60196 [(60196, 228841560343, 0.000338), (60196, 229374044169, 0.000338)]
60208 [(60208, 229235749084, 0.000338), (60208, 229255032473, 0.000338)]
60206 [(60206, 228710271162, 0.000338), (60206, 229548032896, 0.000338)]
60214 [(60214, 228819001479, 0.000338)]
60231 [(60231, 229681544453, 0.000338)]
60229 [(60229, 229691502832, 0.000338)]
60236 [(60236, 229103623112, 0.000338), (60236, 229765628102, 0.000338)]
60220 [(60220, 229707057016, 0.000338)]
60228 [(60228, 229615338990, 0.000338), (60228, 229818588644, 0.000338)]
60199 [(60199, 228351439089, 0.000346)]
60203 [(60203, 229359567530, 0.000346)]
60192 [(60192, 228378319200, 0.000346)]
60211 [(60211, 229525147505, 0.000346)]
60223 [(60223, 229666244088, 0.000346)]
60237 [(60237, 229677963412, 0.000346)]
60236 [(60236, 229550706673, 0.000346)]
60233 [(60233, 229893730506, 0.000346)]
60204 [(60204, 228921312639, 0.000354)]
60215 [(60215, 229895373845, 0.000354)]
60195 [(60195, 229022734324, 0.000355)]
60213 [(60213, 229200427470, 0.000355)]
60212 [(60212, 229207465827, 0.000355)]
60198 [(60198, 229044946439, 0.000355)]
60219 [(60219, 229231858753, 0.000355)]
60195 [(60195, 228483633954, 0.000362)]
60197 [(60197, 229048987416, 0.00037)]
60192 [(60192, 228978891707, 0.00037)]
60222 [(60222, 229489431236, 0.00037)]
60188 [(60188, 228077733369, 0.000379), (60188, 228085162760, 0.000387)]
60220 [(60220, 229825325039, 0.000387)]
60208 [(60208, 229515170893, 0.000395)]
60214 [(60214, 229380543346, 0.000428)]
60216 [(60216, 229882654589, 0.000437)]
60231 [(60231, 229443641345, 0.000527)]
60221 [(60221, 229745349134, 0.000535)]
60237 [(60237, 229300249787, 0.000536)]
60193 [(60193, 229699858638, 0.000543)]
60235 [(60235, 229772401718, 0.000543)]
60216 [(60216, 229780750325, 0.000543)]
60202 [(60202, 228898402903, 0.000552)]
60207 [(60207, 228707008514, 0.00056)]
60234 [(60234, 229677266505, 0.00056)]
60222 [(60222, 228707008505, 0.00056)]
60216 [(60216, 229162840929, 0.00056)]
60201 [(60201, 229303180672, 0.000569)]
60224 [(60224, 229140282354, 0.000576)]
60235 [(60235, 229780750325, 0.000576)]
60232 [(60232, 229592785626, 0.000576)]
60217 [(60217, 229490820969, 0.000576)]
60218 [(60218, 229208582940, 0.000584)]
60221 [(60221, 229625391889, 0.000585)]
60217 [(60217, 229706660644, 0.000593), (60217, 229881743508, 0.000675)]
60228 [(60228, 229871237058, 0.000774)]
60200 [(60200, 228762123840, 0.000889)]
60235 [(60235, 228999271766, 0.00093)]
60215 [(60215, 229895996555, 0.000996)]
60206 [(60206, 228367930101, 0.001054)]
60224 [(60224, 229162828630, 0.001095)]
60236 [(60236, 229021830545, 0.001144)]
60218 [(60218, 229208685178, 0.001161)]
60225 [(60225, 228793988249, 0.001226)]
60234 [(60234, 229367910187, 0.001252)]
60221 [(60221, 229647937544, 0.001252)]
60193 [(60193, 228423421790, 0.001325)]
60235 [(60235, 229345352581, 0.001325)]
60233 [(60233, 229825315094, 0.001391)]
60229 [(60229, 229428040606, 0.001425)]
60224 [(60224, 229602821967, 0.00149)]
60199 [(60199, 228753494206, 0.001491)]
60215 [(60215, 229625379785, 0.001491)]
60234 [(60234, 229677366967, 0.001532)]
60237 [(60237, 229322794754, 0.001532)]
60235 [(60235, 229676665487, 0.001532)]
60216 [(60216, 229802757318, 0.001565)]
60193 [(60193, 229488743501, 0.001655)]
60215 [(60215, 229140270505, 0.00182)]
60192 [(60192, 228400863665, 0.001853)]
60204 [(60204, 228322811854, 0.001985)]
60213 [(60213, 228525861002, 0.002083)]
60219 [(60219, 228661228228, 0.002149)]
60211 [(60211, 228616184271, 0.00224)]
60221 [(60221, 229300236017, 0.002347)]
60195 [(60195, 228509298378, 0.002388)]
60228 [(60228, 229638815769, 0.002397), (60228, 229841131367, 0.002404)]
60197 [(60197, 228450864380, 0.002429)]
60200 [(60200, 228351416836, 0.002446)]
60198 [(60198, 228378283857, 0.002479)]
60236 [(60236, 229126164959, 0.002487)]
60209 [(60209, 229335905196, 0.002545)]
60206 [(60206, 228732815245, 0.002569)]
60232 [(60232, 229753824552, 0.002569)]
60222 [(60222, 228728911450, 0.002586)]
60197 [(60197, 228538598830, 0.002619)]
60189 [(60189, 228220562932, 0.002659)]
60225 [(60225, 228793989881, 0.002659)]
60212 [(60212, 228593601395, 0.002659)]
60221 [(60221, 229647934680, 0.002668)]
60188 [(60188, 228483608148, 0.002676)]
60211 [(60211, 228616181271, 0.002684)]
60216 [(60216, 229580262967, 0.002692)]
60202 [(60202, 228300282383, 0.00271)]
60215 [(60215, 229625376861, 0.00271)]
60235 [(60235, 229676662674, 0.002725)]
60219 [(60219, 229484152897, 0.002726)]
60232 [(60232, 228953988653, 0.002743)]
60233 [(60233, 229825312255, 0.00275)]
60189 [(60189, 228198009610, 0.002758)]
60193 [(60193, 228423418925, 0.002775)]
60216 [(60216, 229802754453, 0.002775)]
60234 [(60234, 229367907314, 0.002783)]
60215 [(60215, 229140267632, 0.002783)]
60223 [(60223, 229534526184, 0.002791)]
60199 [(60199, 228756553356, 0.002792)]
60224 [(60224, 229602819085, 0.002792)]
60235 [(60235, 229345349699, 0.002792)]
60192 [(60192, 228400860775, 0.0028)]
60221 [(60221, 229300233119, 0.002807)]
60224 [(60224, 229162825731, 0.002808)]
60189 [(60189, 228130349576, 0.002816)]
60237 [(60237, 229322791838, 0.002825)]
60232 [(60232, 229436375120, 0.002849)]
60223 [(60223, 229534529065, 0.002874)]
60189 [(60189, 228152902898, 0.00289)]
60206 [(60206, 229279386418, 0.002964)]
60193 [(60193, 229488740415, 0.00299)]
60196 [(60196, 228864100193, 0.003005)]
60233 [(60233, 228978539569, 0.003005)]
60230 [(60230, 229661386210, 0.003014)]
60207 [(60207, 228390484443, 0.003054), (60207, 229073604351, 0.003054)]
60232 [(60232, 228953985491, 0.003063)]
60220 [(60220, 228683783692, 0.003071)]
60217 [(60217, 228616101056, 0.003072)]
60228 [(60228, 229841128188, 0.00308)]
60217 [(60217, 229515049522, 0.00308)]
60227 [(60227, 229177098353, 0.003088)]
60228 [(60228, 228863738356, 0.003088)]
60209 [(60209, 228435608214, 0.003096)]
60227 [(60227, 229199923140, 0.003096)]
60210 [(60210, 228458168081, 0.003105)]
60211 [(60211, 228480733337, 0.003113)]
60219 [(60219, 228661224998, 0.003129)]
60204 [(60204, 228322808386, 0.003146)]
60223 [(60223, 228751467390, 0.003153)]
60216 [(60216, 229580259703, 0.003162)]
60195 [(60195, 228227283661, 0.00317)]
60208 [(60208, 228685728330, 0.003171), (60208, 228413043570, 0.003187)]
60193 [(60193, 228193610800, 0.003204)]
60228 [(60228, 229390464869, 0.003211)]
60209 [(60209, 228662931959, 0.003228)]
60213 [(60213, 228561398499, 0.003236)]
60194 [(60194, 228220627022, 0.003244)]
60203 [(60203, 228886859478, 0.003244)]
60219 [(60219, 229729207481, 0.003244)]
60210 [(60210, 228638739922, 0.003253)]
60195 [(60195, 229035529485, 0.003294)]
60189 [(60189, 228243116330, 0.003319)]
60211 [(60211, 229547688595, 0.003327)]
60233 [(60233, 228967828481, 0.003334)]
60192 [(60192, 228154279464, 0.00336)]
60213 [(60213, 228525857415, 0.003367)]
60199 [(60199, 228267301091, 0.003385)]
60229 [(60229, 229428036985, 0.003401)]
60222 [(60222, 228728907820, 0.003409)]
60230 [(60230, 229459058611, 0.003442), (60230, 228908861303, 0.003475)]
60207 [(60207, 229095200530, 0.003491)]
60234 [(60234, 229677368701, 0.003508)]
60220 [(60220, 229720470322, 0.003549)]
60216 [(60216, 228593536140, 0.003582)]
60188 [(60188, 228099541751, 0.003607)]
60195 [(60195, 229045425499, 0.003632)]
60220 [(60220, 229539884550, 0.00364)]
60232 [(60232, 229597984064, 0.003648)]
60235 [(60235, 229788173281, 0.003673)]
60193 [(60193, 228198073802, 0.003689)]
60221 [(60221, 228706342624, 0.003689)]
60209 [(60209, 229518514751, 0.003697)]
60202 [(60202, 228920943960, 0.003705)]
60204 [(60204, 228943852233, 0.003714)]
60216 [(60216, 229893023739, 0.003731)]
60215 [(60215, 228570976205, 0.003731)]
60206 [(60206, 228367925961, 0.00378)]
60231 [(60231, 228931420890, 0.003788)]
60212 [(60212, 228503293213, 0.003837)]
60226 [(60226, 229012575082, 0.003837)]
60202 [(60202, 228287351452, 0.003846)]
60225 [(60225, 228800327591, 0.003862)]
60192 [(60192, 229001233277, 0.003887)]
60215 [(60215, 229767886960, 0.003912)]
60214 [(60214, 228839686960, 0.003994)]
60231 [(60231, 229450595416, 0.00401)]
60227 [(60227, 228823997286, 0.004011)]
60205 [(60205, 228779185252, 0.004018)]
60226 [(60226, 229068323037, 0.004027)]
60230 [(60230, 229817495306, 0.004027)]
60207 [(60207, 228708318338, 0.004035)]
60192 [(60192, 228171057606, 0.004068)]
60236 [(60236, 229570579359, 0.004108)]
60213 [(60213, 228561223322, 0.004232)]
60188 [(60188, 228099785208, 0.004257)]
60199 [(60199, 228755597863, 0.004265)]
60201 [(60201, 228796368062, 0.004282)]
60191 [(60191, 228142581237, 0.004298)]
60189 [(60189, 228107796237, 0.004306), (60189, 228256781712, 0.004364)]
60222 [(60222, 229699220424, 0.004397)]
60211 [(60211, 229534849082, 0.004414)]
60235 [(60235, 228999266921, 0.004471)]
60234 [(60234, 228957020280, 0.004496)]
60199 [(60199, 228753495966, 0.004529)]
60232 [(60232, 229429292393, 0.004545)]
60219 [(60219, 229253694208, 0.004578)]
60236 [(60236, 229021825785, 0.004611)]
60216 [(60216, 229183281823, 0.004611)]
60237 [(60237, 229028008608, 0.004628)]
60206 [(60206, 229258311433, 0.004759)]
60222 [(60222, 229110627418, 0.004768)]
60217 [(60217, 229206540568, 0.0049)]
60222 [(60222, 229102467563, 0.005212)]
60231 [(60231, 229453728057, 0.005286)]
60189 [(60189, 228148461801, 0.005294)]
60195 [(60195, 229045783834, 0.005319)]
60218 [(60218, 229230498575, 0.005319)]
60222 [(60222, 229511298591, 0.005369)]
60210 [(60210, 229223103762, 0.005468)]
60237 [(60237, 229694125932, 0.005468)]
60216 [(60216, 229176923143, 0.005484)]
60189 [(60189, 228090057629, 0.005583)]
60237 [(60237, 229693324671, 0.005616)]
60234 [(60234, 229684550376, 0.005657)]
60189 [(60189, 228090063613, 0.005929)]
60205 [(60205, 228333703253, 0.006019)]
60234 [(60234, 229682558274, 0.006126)]
60198 [(60198, 229048131678, 0.006275)]
60226 [(60226, 228818584512, 0.006365)]
60189 [(60189, 228204685646, 0.00639), (60189, 228119882761, 0.006505)]
60203 [(60203, 228295175532, 0.006505)]
60224 [(60224, 228774026313, 0.006514)]
60212 [(60212, 228503297395, 0.006562)]
60214 [(60214, 228538698603, 0.006595)]
60234 [(60234, 229688160360, 0.006728)]
60226 [(60226, 228808906990, 0.007106)]
60231 [(60231, 228931424800, 0.007147)]
60189 [(60189, 228090069733, 0.007197)]
60237 [(60237, 229691353836, 0.007213)]
60194 [(60194, 228220630371, 0.007435)]
60189 [(60189, 228175456262, 0.007469)]
60220 [(60220, 229274043055, 0.007674)]
60216 [(60216, 228593539838, 0.007715)]
60221 [(60221, 228706346542, 0.007782)]
60234 [(60234, 228955775846, 0.007831)]
60227 [(60227, 228824001426, 0.007913)]
60216 [(60216, 228578171149, 0.007996)]
60204 [(60204, 228310345091, 0.008053)]
60193 [(60193, 228193614107, 0.008201)]
60221 [(60221, 228690596629, 0.008275)]
60232 [(60232, 228949254927, 0.00839)]
60210 [(60210, 228638919493, 0.008441)]
60223 [(60223, 229078762593, 0.008456)]
60237 [(60237, 229027744131, 0.008489)]
60192 [(60192, 228154282932, 0.008547)]
60200 [(60200, 228351419361, 0.008604)]
60231 [(60231, 228911825585, 0.008687)]
60222 [(60222, 228707009083, 0.008704)]
60226 [(60226, 228808914325, 0.008754)]
60213 [(60213, 228511861281, 0.008761)]
60219 [(60219, 229251143077, 0.008761)]
60201 [(60201, 228322910063, 0.008902)]
60218 [(60218, 228618988064, 0.008918)]
60219 [(60219, 228647066624, 0.008942)]
60234 [(60234, 228955783930, 0.009025)]
60228 [(60228, 229830256900, 0.009034)]
60233 [(60233, 228957047642, 0.009058)]
60229 [(60229, 228872807550, 0.009107)]
60205 [(60205, 228333709466, 0.009149)]
60195 [(60195, 228227286933, 0.009182)]
60199 [(60199, 228267304585, 0.009247)]
60228 [(60228, 229638818243, 0.009305)]
60206 [(60206, 228358081542, 0.009371)]
60237 [(60237, 229692414976, 0.009371)]
60191 [(60191, 228142585674, 0.009404)]
60195 [(60195, 228509301081, 0.009428)]
60237 [(60237, 229697191160, 0.009428)]
60188 [(60188, 228077733760, 0.009469)]
60237 [(60237, 229027752894, 0.009676)]
60236 [(60236, 229005049309, 0.009717)]
60229 [(60229, 228883369217, 0.009872)]
60215 [(60215, 229895917505, 0.009872)]
60235 [(60235, 228983160730, 0.009881)]
60200 [(60200, 228332716275, 0.009996)]
60188 [(60188, 228483610910, 0.010022)]
60203 [(60203, 228295182247, 0.010055)]
60218 [(60218, 228628058440, 0.01007)]
60189 [(60189, 228089770151, 0.010128)]
60215 [(60215, 229895997583, 0.010309)]
60212 [(60212, 228485334923, 0.010317)]
60189 [(60189, 228089780606, 0.010416)]
60202 [(60202, 228280357542, 0.010531)]
60215 [(60215, 229895895014, 0.01054)]
60225 [(60225, 228790660873, 0.010976)]
60204 [(60204, 228310353404, 0.011018)]
60215 [(60215, 229895906115, 0.011034)]
60214 [(60214, 228538705411, 0.011273)]
60196 [(60196, 228272765971, 0.011635)]
60197 [(60197, 228437231697, 0.011883)]
60196 [(60196, 228265681671, 0.012763)]
60198 [(60198, 229044946924, 0.01282)]
60225 [(60225, 228793430810, 0.013307)]
60190 [(60190, 228423434999, 0.013397)]
60215 [(60215, 229895810243, 0.013537)]
60236 [(60236, 229126167526, 0.013711)]
60215 [(60215, 229895664205, 0.01385)]
60190 [(60190, 228514439994, 0.014056)]
60194 [(60194, 228513083351, 0.014064)]
60190 [(60190, 228514814232, 0.014064)]
60219 [(60219, 229251128551, 0.014072)]
60190 [(60190, 228514746249, 0.014081)]
60197 [(60197, 228516291719, 0.014081)]
60190 [(60190, 228514576104, 0.014089), (60190, 228514780274, 0.014089)]
60197 [(60197, 228516092989, 0.014097)]
60190 [(60190, 228514406011, 0.014114), (60190, 228514542045, 0.014121), (60190, 228514610062, 0.014121), (60190, 228514882249, 0.014121)]
60194 [(60194, 228513219623, 0.014122), (60194, 228513287708, 0.014122)]
60197 [(60197, 228516126955, 0.01413)]
60190 [(60190, 228514473985, 0.014139), (60190, 228514678155, 0.014139), (60190, 228514508028, 0.014147), (60190, 228514712232, 0.014147), (60190, 228514848232, 0.014147)]
60194 [(60194, 228513151487, 0.014163)]
60190 [(60190, 228514644121, 0.014163)]
60194 [(60194, 228513253640, 0.014172), (60194, 228513185555, 0.014188)]
60197 [(60197, 228516024921, 0.01422), (60197, 228516058912, 0.014254)]
60194 [(60194, 228513117351, 0.014262)]
60190 [(60190, 228514371875, 0.014262)]
60197 [(60197, 228516160887, 0.014262)]
60202 [(60202, 228300349533, 0.014278)]
60197 [(60197, 228515990793, 0.014353)]
60223 [(60223, 229666244555, 0.014386)]
60194 [(60194, 228513049045, 0.014459)]
60225 [(60225, 228793444767, 0.014657)]
60197 [(60197, 228516257277, 0.014756)]
60215 [(60215, 229895648786, 0.014937)]
60224 [(60224, 229670227562, 0.015234)]
60190 [(60190, 228514336778, 0.01525)]
60198 [(60198, 229045838472, 0.015299)]
60197 [(60197, 228450866887, 0.015489), (60197, 228515955425, 0.015546), (60197, 228515939360, 0.015563)]
60190 [(60190, 228514320688, 0.015587)]
60189 [(60189, 228131655771, 0.015966)]
60194 [(60194, 228513013201, 0.015982)]
60224 [(60224, 229670211029, 0.016016)]
60226 [(60226, 228818591082, 0.016049)]
60234 [(60234, 229681224309, 0.016502)]
60237 [(60237, 229690565469, 0.01656)]
60194 [(60194, 228512995852, 0.016807)]
60198 [(60198, 228358850010, 0.017316)]
60195 [(60195, 229045765873, 0.0174)]
60236 [(60236, 229110630895, 0.017654)]
60189 [(60189, 228090077383, 0.018033)]
60197 [(60197, 228516238339, 0.018346)]
60223 [(60223, 229666280459, 0.01847)]
60191 [(60191, 228511393942, 0.018487)]
60197 [(60197, 228516005830, 0.018494), (60197, 228515971694, 0.018502)]
60194 [(60194, 228513029929, 0.018519)]
60206 [(60206, 228732817897, 0.018519)]
60237 [(60237, 229705990428, 0.018527)]
60190 [(60190, 228514420835, 0.01856)]
60213 [(60213, 229204293814, 0.01856)]
60194 [(60194, 228513166354, 0.018601), (60194, 228513234439, 0.018601)]
60223 [(60223, 229666397122, 0.018601), (60223, 229666474965, 0.018601)]
60197 [(60197, 228516272509, 0.01861)]
60201 [(60201, 229072333907, 0.018617)]
60194 [(60194, 228513098099, 0.01865)]
60191 [(60191, 228511510656, 0.018659), (60191, 228511646443, 0.018684), (60191, 228511568728, 0.0187)]
60197 [(60197, 228516039600, 0.018708)]
60191 [(60191, 228511529917, 0.018725)]
60197 [(60197, 228516141541, 0.018741)]
60191 [(60191, 228511685144, 0.018749)]
60197 [(60197, 228516175609, 0.018749)]
60190 [(60190, 228514352520, 0.01875)]
60191 [(60191, 228511491046, 0.018758)]
60197 [(60197, 228516073626, 0.018758)]
60223 [(60223, 229666338497, 0.018758), (60223, 229666494166, 0.018758)]
60191 [(60191, 228511840898, 0.018766), (60191, 228511607513, 0.018767)]
60194 [(60194, 228513063971, 0.018774)]
60223 [(60223, 229666455321, 0.018791)]
60191 [(60191, 228511704643, 0.018798), (60191, 228511665730, 0.018807), (60191, 228511724048, 0.018807)]
60194 [(60194, 228513132073, 0.018807)]
60190 [(60190, 228514386597, 0.018807), (60190, 228514522631, 0.018807), (60190, 228514590648, 0.018807), (60190, 228514658741, 0.018807), (60190, 228514726835, 0.018807), (60190, 228514794818, 0.018807), (60190, 228514862835, 0.018807)]
60197 [(60197, 228516107541, 0.018807)]
60194 [(60194, 228513200201, 0.018815)]
60191 [(60191, 228511432685, 0.018816)]
60223 [(60223, 229666416323, 0.018816), (60223, 229666533079, 0.018816)]
60191 [(60191, 228511627012, 0.018824), (60191, 228511762953, 0.018824)]
60194 [(60194, 228513268269, 0.018831)]
60191 [(60191, 228511452108, 0.01884)]
60190 [(60190, 228514488580, 0.01884)]
60223 [(60223, 229666319049, 0.01884)]
60197 [(60197, 228516306254, 0.018864)]
60191 [(60191, 228511549246, 0.018873), (60191, 228511588031, 0.018873)]
60190 [(60190, 228514454503, 0.018873), (60190, 228514556622, 0.018873), (60190, 228514624639, 0.018873), (60190, 228514692750, 0.018873), (60190, 228514828750, 0.018873)]
60223 [(60223, 229666357860, 0.018873)]
60191 [(60191, 228511471556, 0.018881), (60191, 228511782384, 0.018881)]
60190 [(60190, 228514760784, 0.018881)]
60191 [(60191, 228511743462, 0.018882), (60191, 228511821399, 0.01889)]
60223 [(60223, 229666299525, 0.018914)]
60191 [(60191, 228511801874, 0.018915)]
60223 [(60223, 229666377342, 0.018922), (60223, 229666513529, 0.018939), (60223, 229666435746, 0.018963)]
60191 [(60191, 228511413025, 0.019046)]
60227 [(60227, 229183285257, 0.019095)]
60200 [(60200, 228350667417, 0.019655)]
60224 [(60224, 228754568385, 0.020059)]
60230 [(60230, 229657607620, 0.020141)]
60198 [(60198, 228378286654, 0.020158)]
60223 [(60223, 229666259405, 0.020182)]
60213 [(60213, 229206544045, 0.020306)]
60228 [(60228, 229636370268, 0.020503)]
60235 [(60235, 229869138187, 0.020824)]
60191 [(60191, 228511372369, 0.020899)]
60188 [(60188, 228474899753, 0.021162)]
60205 [(60205, 228333718910, 0.021557)]
60226 [(60226, 229409303563, 0.021961)]
60195 [(60195, 228505487811, 0.02215)]
60209 [(60209, 229335907823, 0.022734)]
60212 [(60212, 228593604361, 0.0229)]
60207 [(60207, 229443536234, 0.022998)]
60233 [(60233, 228957023689, 0.023204)]
60195 [(60195, 229048136107, 0.023534)]
60218 [(60218, 229490155648, 0.023764)]
60198 [(60198, 229045813822, 0.02388)]
60235 [(60235, 229863896271, 0.025534)]
60217 [(60217, 229706661256, 0.025856)]
60197 [(60197, 228443985024, 0.026176)]
60205 [(60205, 228793441095, 0.026449)]
60201 [(60201, 229072306222, 0.02682)]
60209 [(60209, 229102504155, 0.027396)]
60188 [(60188, 229021840039, 0.027907)]
60232 [(60232, 229747302264, 0.02798)]
60199 [(60199, 228735881535, 0.028943)]
60200 [(60200, 228762666939, 0.029644)]
60227 [(60227, 229176927257, 0.03087)]
60209 [(60209, 229102471167, 0.031957)]
60228 [(60228, 229875808196, 0.032032)]
60208 [(60208, 228685731824, 0.032122), (60208, 229236518640, 0.032493)]
60206 [(60206, 228731320180, 0.03269)]
60198 [(60198, 228369529996, 0.03437)]
60195 [(60195, 229028012187, 0.034387)]
60219 [(60219, 229474140747, 0.035721)]
60201 [(60201, 228808912464, 0.036272)]
60203 [(60203, 228883376892, 0.036273)]
60237 [(60237, 229691179339, 0.036709)]
60228 [(60228, 229622733327, 0.037146)]
60214 [(60214, 229399682303, 0.037483)]
60209 [(60209, 229325605066, 0.039245)]
60236 [(60236, 229771656914, 0.039336)]
60206 [(60206, 229548273446, 0.039689)]
60212 [(60212, 228589220070, 0.039772)]
60225 [(60225, 228793946922, 0.039887)]
60213 [(60213, 229204251790, 0.040496)]
60229 [(60229, 229697197866, 0.040802)]
60215 [(60215, 229895606371, 0.040859)]
60233 [(60233, 228977157503, 0.041888)]
60197 [(60197, 228516194963, 0.04202)]
60226 [(60226, 229415937881, 0.043164)]
60199 [(60199, 228753449471, 0.043337)]
60201 [(60201, 228322919252, 0.043534)]
60237 [(60237, 229677963879, 0.04407)]
60221 [(60221, 229846116370, 0.045042)]
60208 [(60208, 229251139762, 0.045239)]
60203 [(60203, 229371940581, 0.045725)]
60193 [(60193, 228953998598, 0.048467)]
60201 [(60201, 229316755342, 0.050271)]
60219 [(60219, 229231859229, 0.051819)]
60218 [(60218, 229489426646, 0.0527)]
60188 [(60188, 228085163321, 0.055095)]
60205 [(60205, 228775439447, 0.055787)]
60198 [(60198, 229044960158, 0.056652)]
60210 [(60210, 228628066957, 0.057278)]
60218 [(60218, 229489114296, 0.05816)]
60205 [(60205, 228793937801, 0.059757)]
60202 [(60202, 228300285401, 0.061749)]
60226 [(60226, 229424612029, 0.061783)]
60197 [(60197, 228538601533, 0.066343)]
60199 [(60199, 228748985007, 0.066493)]
60215 [(60215, 229895927696, 0.066566)]
60196 [(60196, 228848798280, 0.066806)]
60215 [(60215, 229895824217, 0.068584)]
60200 [(60200, 228772597217, 0.069571)]
60206 [(60206, 229264825196, 0.070898)]
60205 [(60205, 228782173691, 0.072124)]
60188 [(60188, 228085087926, 0.072495)]
60230 [(60230, 229428054104, 0.072751)]
60201 [(60201, 228802364310, 0.074801)]
60197 [(60197, 228516325727, 0.07541)]
60234 [(60234, 228955793246, 0.076389)]
60196 [(60196, 228277479782, 0.079494)]
60206 [(60206, 229274048656, 0.085316)]
60195 [(60195, 229045337261, 0.08548)]
60202 [(60202, 228295180607, 0.086386)]
60195 [(60195, 229045789325, 0.087712)]
60193 [(60193, 229706342821, 0.08828)]
60199 [(60199, 228755947034, 0.088552)]
60213 [(60213, 229204159191, 0.089705)]
60191 [(60191, 228511279575, 0.089894)]
60206 [(60206, 229264898381, 0.090388)]
60205 [(60205, 228794486808, 0.090898)]
60212 [(60212, 228485345573, 0.091105)]
60206 [(60206, 229264991685, 0.09337)]
60234 [(60234, 229677267194, 0.096399)]
60218 [(60218, 229208583654, 0.097972)]
60211 [(60211, 229530194873, 0.098474)]
60213 [(60213, 229204055772, 0.100064)]
60214 [(60214, 229665976253, 0.100442)]
60213 [(60213, 228511870325, 0.101257)]
60191 [(60191, 228511174778, 0.101522)]
60226 [(60226, 229422702241, 0.101677)]
60217 [(60217, 229515052701, 0.102146)]
60208 [(60208, 229253697693, 0.103802)]
60232 [(60232, 229436378061, 0.104955)]
60214 [(60214, 228538717048, 0.105737)]
60237 [(60237, 229691361282, 0.106889)]
60224 [(60224, 228770942063, 0.110356)]
60219 [(60219, 229484155711, 0.111015)]
60217 [(60217, 229706687946, 0.112086)]
60188 [(60188, 228090075896, 0.113848)]
60233 [(60233, 228973095880, 0.115239)]
60201 [(60201, 228801440479, 0.116927)]
60232 [(60232, 229435015434, 0.117348)]
60217 [(60217, 229509004594, 0.122132)]
60219 [(60219, 229479978284, 0.122782)]
60213 [(60213, 229204312973, 0.122865)]
60220 [(60220, 229677253585, 0.12312)]
60206 [(60206, 229277905208, 0.124891)]
60193 [(60193, 229706213740, 0.125046)]
60195 [(60195, 229027882927, 0.12522)]
60211 [(60211, 229284875089, 0.125705)]
60200 [(60200, 228765522182, 0.126809)]
60222 [(60222, 228706877104, 0.127294)]
60215 [(60215, 229895678502, 0.127623)]
60195 [(60195, 229027750684, 0.12811)]
60212 [(60212, 228574929513, 0.12951)]
60200 [(60200, 228347012298, 0.130407)]
60219 [(60219, 228647075855, 0.131758)]
60237 [(60237, 229691217232, 0.132334)]
60233 [(60233, 228978542782, 0.132943)]
60227 [(60227, 229176959353, 0.134655)]
60196 [(60196, 228277340110, 0.135306)]
60202 [(60202, 228280215889, 0.137226)]
60200 [(60200, 228772444752, 0.1477)]
60205 [(60205, 228787280049, 0.153446)]
60236 [(60236, 229005059339, 0.157498)]
60199 [(60199, 228742133863, 0.158725)]
60196 [(60196, 228844638304, 0.159071)]
60207 [(60207, 229078767166, 0.161426)]
60213 [(60213, 228561227912, 0.165255)]
60204 [(60204, 228924362354, 0.167585)]
60229 [(60229, 229693327672, 0.169651)]
60210 [(60210, 228638743280, 0.17036)]
60201 [(60201, 228807191010, 0.17274)]
60210 [(60210, 229231739600, 0.178388)]
60226 [(60226, 229012390793, 0.178529)]
60211 [(60211, 229547197542, 0.190328)]
60196 [(60196, 228864103295, 0.191547)]
60237 [(60237, 229692424649, 0.192279)]
60193 [(60193, 229706008609, 0.19872)]
60212 [(60212, 229207466303, 0.19909)]
60225 [(60225, 228790672314, 0.200868)]
60229 [(60229, 229692420917, 0.204665)]
60216 [(60216, 229890135320, 0.205167)]
60230 [(60230, 229661389321, 0.206196)]
60209 [(60209, 229524311989, 0.210436)]
60230 [(60230, 229658536721, 0.211145)]
60199 [(60199, 228734673940, 0.211597)]
60195 [(60195, 228503706755, 0.212536)]
60233 [(60233, 228965869511, 0.21289)]
60227 [(60227, 229197283048, 0.214438)]
60203 [(60203, 228874853551, 0.219939)]
60215 [(60215, 229895374210, 0.224905)]
60199 [(60199, 228754322251, 0.229284)]
60188 [(60188, 228099545712, 0.23201)]
60209 [(60209, 228662935291, 0.232283)]
60206 [(60206, 229548033245, 0.232693)]
60204 [(60204, 229348111570, 0.236589)]
60237 [(60237, 229027762882, 0.238046)]
60200 [(60200, 228761876830, 0.23929)]
60192 [(60192, 228980972745, 0.241438)]
60217 [(60217, 229706803886, 0.241456)]
60203 [(60203, 229366766860, 0.243357), (60203, 228877529419, 0.244082)]
60218 [(60218, 229489174587, 0.244181)]
60209 [(60209, 228647035718, 0.246091)]
60201 [(60201, 229072353125, 0.246297)]
60206 [(60206, 229548314416, 0.248051)]
60227 [(60227, 229155275258, 0.248092)]
60231 [(60231, 229690576332, 0.249105)]
60189 [(60189, 228089791469, 0.257841)]
60198 [(60198, 229045018638, 0.264371)]
60231 [(60231, 228925695604, 0.265154)]
60206 [(60206, 229279389478, 0.275431)]
60227 [(60227, 229184942068, 0.27599)]
60211 [(60211, 229547394011, 0.285377)]
60212 [(60212, 228588918005, 0.292624)]
60214 [(60214, 229403113277, 0.293883)]
60196 [(60196, 229379524944, 0.305518)]
60211 [(60211, 229534853638, 0.312526)]
60224 [(60224, 228751952986, 0.325265)]
60195 [(60195, 229045429358, 0.325997)]
60237 [(60237, 229691471620, 0.332881)]
60199 [(60199, 228755602266, 0.333992)]
60202 [(60202, 228920948023, 0.340374)]
60193 [(60193, 228949097277, 0.346632)]
60218 [(60218, 228618997270, 0.350766)]
60202 [(60202, 228911739412, 0.353549)]
60236 [(60236, 229562639968, 0.364616)]
60200 [(60200, 228333707656, 0.367053)]
60226 [(60226, 229012579043, 0.379182)]
60196 [(60196, 228244296615, 0.385712)]
60225 [(60225, 228794631563, 0.403375)]
60226 [(60226, 229011973698, 0.403729)]
60219 [(60219, 229729210830, 0.422264)]
60195 [(60195, 229044888087, 0.435135)]
60199 [(60199, 228752117580, 0.448343)]
60232 [(60232, 229428825692, 0.452114)]
60205 [(60205, 228793468635, 0.454502)]
60225 [(60225, 228793459897, 0.471572)]
60205 [(60205, 228793999766, 0.471819)]
60227 [(60227, 229199926557, 0.473383)]
60220 [(60220, 229677380924, 0.47382)]
60188 [(60188, 228084582839, 0.4893)]
60199 [(60199, 228756038724, 0.498547)]
60214 [(60214, 229399166982, 0.499214)]
60198 [(60198, 229045291539, 0.505728)]
60210 [(60210, 229211227205, 0.520162)]
60216 [(60216, 229780212802, 0.520722)]
60200 [(60200, 228762124885, 0.525112)]
60221 [(60221, 228690605171, 0.526832)]
60188 [(60188, 229019033535, 0.551156)]
60208 [(60208, 229254456726, 0.557752)]
60214 [(60214, 229404683320, 0.563113)]
60205 [(60205, 228792847702, 0.574846)]
60237 [(60237, 229690582563, 0.578123), (60237, 229691815479, 0.580759)]
60231 [(60231, 229682561538, 0.603996)]
60218 [(60218, 229230504066, 0.604836)]
60229 [(60229, 229693503035, 0.606261)]
60231 [(60231, 229689944791, 0.611802)]
60225 [(60225, 228793992626, 0.618546)]
60234 [(60234, 229677372322, 0.626344)]
60192 [(60192, 228981221973, 0.627135)]
60208 [(60208, 229253804844, 0.631507)]
60236 [(60236, 229561974979, 0.644204)]
60219 [(60219, 229471785253, 0.645176)]
60222 [(60222, 229511304388, 0.647696)]
60218 [(60218, 229489481046, 0.653517)]
60189 [(60189, 228243119756, 0.667722)]
60216 [(60216, 228578179403, 0.66875)]
60229 [(60229, 229692632423, 0.673519)]
60237 [(60237, 229692623285, 0.679464)]
60219 [(60219, 229253698934, 0.681045)]
60227 [(60227, 229154561989, 0.690975)]
60192 [(60192, 228983386643, 0.694919)]
60206 [(60206, 228358091215, 0.697711)]
60200 [(60200, 228350687706, 0.706341)]
60233 [(60233, 228956280644, 0.719821)]
60200 [(60200, 228762697649, 0.725362)]
60208 [(60208, 229235749543, 0.745058)]
60214 [(60214, 229382823156, 0.748213)]
60237 [(60237, 229693330468, 0.770601)]
60201 [(60201, 228801561179, 0.778029)]
60199 [(60199, 228753500794, 0.795782)]
60201 [(60201, 228795525457, 0.816269)]
60199 [(60199, 228752580813, 0.841508)]
60230 [(60230, 229657628411, 0.87992)]
60229 [(60229, 229691503291, 0.888945)]
60228 [(60228, 229617292290, 0.89093)]
60207 [(60207, 229072654578, 0.920087)]
60213 [(60213, 228541936125, 0.933328)]
60218 [(60218, 229484284112, 0.938269)]
60200 [(60200, 228332726594, 0.950398)]
60199 [(60199, 228734892364, 0.958254)]
60201 [(60201, 229102610014, 0.97035)]
60204 [(60204, 228924535592, 0.977654)]
60231 [(60231, 229681544912, 0.984851)]
60199 [(60199, 228754558933, 1.006458)]
60230 [(60230, 229817499463, 1.041914), (60230, 229797498334, 1.056192)]
60225 [(60225, 228800331578, 1.067473)]
60234 [(60234, 228954653821, 1.086955)]
60231 [(60231, 229684553581, 1.09766)]
60202 [(60202, 229357781349, 1.106998)]
60234 [(60234, 228955872347, 1.112054)]
60203 [(60203, 228876308819, 1.182145), (60203, 228875080850, 1.189588)]
60195 [(60195, 228485321680, 1.191449)]
60232 [(60232, 229435136568, 1.19984)]
60209 [(60209, 229324361057, 1.205127)]
60214 [(60214, 229403416769, 1.226964)]
60204 [(60204, 228925544789, 1.231962)]
60222 [(60222, 229697931127, 1.248999)]
60189 [(60189, 228130352483, 1.262553)]
60207 [(60207, 228707009092, 1.268325)]
60234 [(60234, 229681241343, 1.27577)]
60214 [(60214, 229405264882, 1.288466)]
60229 [(60229, 229695864650, 1.291546)]
60233 [(60233, 228977200742, 1.296981)]
60206 [(60206, 229278034128, 1.310023)]
60231 [(60231, 229683185259, 1.325554)]
60217 [(60217, 229206545626, 1.355773)]
60200 [(60200, 228345604451, 1.363844)]
60204 [(60204, 228943856288, 1.374737)]
60196 [(60196, 229376415151, 1.392235)]
60226 [(60226, 228817142444, 1.396995)]
60210 [(60210, 228638928342, 1.400132)]
60206 [(60206, 228731353925, 1.415646)]
60209 [(60209, 228661468047, 1.418157)]
60224 [(60224, 228762000046, 1.424151)]
60206 [(60206, 229548570470, 1.433695)]
60198 [(60198, 228368029525, 1.453573)]
60192 [(60192, 228981869342, 1.469572)]
60237 [(60237, 229689038028, 1.4797)]
60207 [(60207, 229087220620, 1.481462)]
60206 [(60206, 229256779538, 1.484015)]
60201 [(60201, 228807369323, 1.494909)]
60203 [(60203, 228877781376, 1.507204)]
60208 [(60208, 229255032932, 1.509608)]
60209 [(60209, 229322801069, 1.511008)]
60195 [(60195, 228503926148, 1.512852)]
60190 [(60190, 228435635448, 1.534509)]
60210 [(60210, 228618826862, 1.545262)]
60196 [(60196, 228265694957, 1.560059)]
60227 [(60227, 229183305189, 1.585717)]
60232 [(60232, 229741771858, 1.587257)]
60207 [(60207, 229095204355, 1.609778)]
60196 [(60196, 229377852543, 1.620129)]
60195 [(60195, 228483634438, 1.634506)]
60208 [(60208, 229239083439, 1.634522)]
60219 [(60219, 229472451483, 1.636465)]
60217 [(60217, 229504743289, 1.651312)]
60193 [(60193, 228954048867, 1.679078)]
60229 [(60229, 229694128856, 1.68131)]
60233 [(60233, 228966089398, 1.684727)]
60212 [(60212, 228587163894, 1.699055)]
60192 [(60192, 228984103983, 1.71186)]
60218 [(60218, 229487344078, 1.714889)]
60231 [(60231, 229688165503, 1.72342)]
60226 [(60226, 229422807199, 1.748419)]
60199 [(60199, 228732848794, 1.7681)]
60236 [(60236, 229560141214, 1.776219)]
60200 [(60200, 228770606746, 1.780328)]
60191 [(60191, 228509319560, 1.797232)]
60214 [(60214, 228839691083, 1.797949)]
60230 [(60230, 229459062385, 1.800723)]
60205 [(60205, 228773563786, 1.817036)]
60214 [(60214, 229397278562, 1.829166)]
60207 [(60207, 228708322503, 1.873161), (60207, 228690488373, 1.889506)]
60228 [(60228, 229615339449, 1.891804)]
60224 [(60224, 228754589202, 1.906765)]
60221 [(60221, 229745349686, 1.914119)]
60234 [(60234, 229682564598, 1.923711)]
60209 [(60209, 229516522470, 1.930011)]
60203 [(60203, 228872854980, 1.936105)]
60210 [(60210, 229231924067, 1.994478)]
60202 [(60202, 228278144337, 2.006804)]
60235 [(60235, 228983170930, 2.008303)]
60200 [(60200, 228763446567, 2.01074)]
60192 [(60192, 228978892200, 2.015516)]
60218 [(60218, 229485252653, 2.025826)]
60216 [(60216, 229183286583, 2.035295)]
60213 [(60213, 229204439802, 2.038474), (60213, 228542899566, 2.136817)]
60205 [(60205, 228790635806, 2.142457)]
60188 [(60188, 229019602610, 2.167497)]
60195 [(60195, 229045879867, 2.18572)]
60198 [(60198, 229045854494, 2.206009)]
60214 [(60214, 229380543788, 2.208125)]
60224 [(60224, 228752288745, 2.208389)]
60194 [(60194, 228220638046, 2.215767)]
60215 [(60215, 229767890998, 2.288229)]
60196 [(60196, 229374044518, 2.296538)]
60218 [(60218, 228616587851, 2.325037)]
60227 [(60227, 229197504405, 2.343136)]
60228 [(60228, 229636391433, 2.348562)]
60231 [(60231, 228909350215, 2.397853), (60231, 229685686894, 2.401139)]
60208 [(60208, 229251186699, 2.432511), (60208, 229236552402, 2.451928)]
60212 [(60212, 228577892545, 2.459404)]
60219 [(60219, 229251152274, 2.462484)]
60230 [(60230, 229794955006, 2.463835)]
60225 [(60225, 228790880011, 2.471072)]
60217 [(60217, 229506448117, 2.476573)]
60220 [(60220, 229720474207, 2.519449)]
60210 [(60210, 228616198347, 2.546359)]
60230 [(60230, 229658754678, 2.549282)]
60198 [(60198, 228254147851, 2.554832)]
60216 [(60216, 229890347531, 2.592562)]
60226 [(60226, 229406608570, 2.610759)]
60210 [(60210, 229211764150, 2.684481)]
60212 [(60212, 229207671816, 2.7086), (60212, 228575063201, 2.740911)]
60217 [(60217, 229742423162, 2.819434)]
60229 [(60229, 228883379629, 2.837064)]
60224 [(60224, 228771056345, 2.87714)]
60205 [(60205, 228779189400, 2.891015)]
60204 [(60204, 228921313115, 2.953933)]
60237 [(60237, 229694131797, 2.963741)]
60199 [(60199, 228749053645, 2.96817)]
60196 [(60196, 228841560802, 2.981313)]
60215 [(60215, 229764777312, 3.012454)]
60231 [(60231, 229450599555, 3.030554)]
60205 [(60205, 228787438701, 3.097178)]
60234 [(60234, 229678019112, 3.105017)]
60237 [(60237, 229678009507, 3.124475)]
60214 [(60214, 229399721216, 3.28604)]
60203 [(60203, 228883414556, 3.337249)]
60200 [(60200, 228347146912, 3.41047)]
60234 [(60234, 229684556326, 3.491388)]
60213 [(60213, 229200427946, 3.514436)]
60220 [(60220, 229274050977, 3.515506)]
60205 [(60205, 228775497272, 3.57271)]
60192 [(60192, 229001237510, 3.576136)]
60224 [(60224, 228774033037, 3.617735)]
60206 [(60206, 229274136725, 3.650697)]
60195 [(60195, 228505510676, 3.669315)]
60193 [(60193, 228945289770, 3.688501)]
60195 [(60195, 228223429480, 3.733716)]
60200 [(60200, 228273458491, 3.740839)]
60233 [(60233, 229150654930, 3.768638)]
60232 [(60232, 229743410556, 3.77007)]
60233 [(60233, 228973215118, 3.819164)]
60189 [(60189, 228085812151, 3.83429)]
60226 [(60226, 229068327415, 3.839667)]
60196 [(60196, 228844802745, 3.870652)]
60212 [(60212, 228481304240, 3.904561)]
60203 [(60203, 228879337471, 3.913167)]
60219 [(60219, 229480105027, 3.921352)]
60221 [(60221, 229841982710, 4.00446)]
60212 [(60212, 228589261125, 4.204612)]
60194 [(60194, 228456708393, 4.205963)]
60214 [(60214, 229661614265, 4.225652)]
60211 [(60211, 229280508996, 4.229628)]
60192 [(60192, 228171061915, 4.263348)]
60229 [(60229, 228872816951, 4.294482)]
60189 [(60189, 228148467266, 4.296994)]
60193 [(60193, 228193622573, 4.312103)]
60228 [(60228, 229618212203, 4.379814)]
60193 [(60193, 228949455093, 4.401495)]
60211 [(60211, 229530296762, 4.409672)]
60196 [(60196, 228272778100, 4.419422)]
60228 [(60228, 229871237857, 4.42749)]
60207 [(60207, 228685777214, 4.563909)]
60220 [(60220, 229535168299, 4.568842)]
60232 [(60232, 228949263588, 4.574317)]
60201 [(60201, 228802441703, 4.600865)]
60226 [(60226, 229007201246, 4.623286)]
60227 [(60227, 228819195713, 4.651497)]
60236 [(60236, 229570583821, 4.689821)]
60188 [(60188, 228085220364, 4.70377)]
60203 [(60203, 229367018307, 4.768426)]
60220 [(60220, 229825325438, 4.782728)]
60200 [(60200, 228765653082, 4.798834)]
60202 [(60202, 228295269780, 4.855931)]
60195 [(60195, 229022734690, 4.859216)]
60205 [(60205, 228782248142, 4.874632)]
60237 [(60237, 229022710669, 4.876138)]
60211 [(60211, 229525147862, 4.889264)]
60203 [(60203, 228295192626, 4.904225)]
60201 [(60201, 228796372822, 4.909264)]
60207 [(60207, 229073607725, 4.99818)]
60236 [(60236, 228999881675, 5.005977)]
60230 [(60230, 229453886233, 5.010712)]
60232 [(60232, 229592786331, 5.035275)]
60235 [(60235, 229863922629, 5.052543)]
60200 [(60200, 228756647171, 5.066203)]
60213 [(60213, 228561401839, 5.095246)]
60233 [(60233, 228967831923, 5.099429)]
60225 [(60225, 228795048318, 5.114266)]
60192 [(60192, 228148967151, 5.146274)]
60209 [(60209, 229317465492, 5.16881)]
60224 [(60224, 228756557844, 5.272103)]
60231 [(60231, 228925969551, 5.280954)]
60196 [(60196, 228267305596, 5.289708)]
60199 [(60199, 228267314241, 5.292062)]
60209 [(60209, 229096883071, 5.413437)]
60217 [(60217, 229876095870, 5.471118)]
60232 [(60232, 229429297306, 5.539405)]
60209 [(60209, 229518518788, 5.612131)]
60191 [(60191, 228450895762, 5.618364)]
60219 [(60219, 229474177620, 5.619361)]
60221 [(60221, 229764453989, 5.626533)]
60233 [(60233, 229144830534, 5.641907)]
60191 [(60191, 228142595492, 5.687104)]
60217 [(60217, 229509130904, 5.733628)]
60235 [(60235, 228977202400, 5.771951)]
60220 [(60220, 229671246057, 5.819759)]
60236 [(60236, 229765628561, 5.839933)]
60188 [(60188, 229012985079, 5.859408)]
60229 [(60229, 228877250228, 5.927737)]
60193 [(60193, 229699859199, 5.957207)]
60223 [(60223, 229072612358, 5.958006)]
60233 [(60233, 229647947957, 5.968825)]
60227 [(60227, 229177101762, 5.990226)]
60199 [(60199, 228735911412, 6.027965)]
60221 [(60221, 228684341683, 6.059296)]
60216 [(60216, 229176928804, 6.154452)]
60207 [(60207, 229088750169, 6.248751)]
60232 [(60232, 229747331147, 6.29045)]
60206 [(60206, 229258316567, 6.305198)]
60221 [(60221, 229747325562, 6.320003)]
60226 [(60226, 229409326233, 6.404997)]
60193 [(60193, 228198077831, 6.405063)]
60199 [(60199, 228351439557, 6.416739)]
60209 [(60209, 228640386627, 6.44127)]
60189 [(60189, 228198012457, 6.464615)]
60199 [(60199, 228742297709, 6.478283)]
60216 [(60216, 228571466698, 6.494751)]
60226 [(60226, 229415982438, 6.509772)]
60212 [(60212, 228580431537, 6.521933)]
60197 [(60197, 228437243963, 6.530365)]
60235 [(60235, 229788177072, 6.553578)]
60188 [(60188, 228077743645, 6.625192)]
60197 [(60197, 228444012173, 6.638037)]
60226 [(60226, 228802015946, 6.67566)]
60231 [(60231, 229443641999, 6.736084)]
60202 [(60202, 228280368413, 6.76478)]
60236 [(60236, 229103623571, 6.788306)]
60207 [(60207, 229436500724, 6.815611)]
60222 [(60222, 229110632561, 6.860364)]
60203 [(60203, 229359567887, 6.973965)]
60222 [(60222, 229095168834, 7.070603)]
60235 [(60235, 229780751141, 7.190157)]
60224 [(60224, 228763470384, 7.237999)]
60216 [(60216, 229882655040, 7.24648)]
60195 [(60195, 229028047683, 7.247954)]
60228 [(60228, 229382938654, 7.290979)]
60236 [(60236, 229563016586, 7.326394)]
60219 [(60219, 229231912864, 7.398263)]
60210 [(60210, 228620422218, 7.405798)]
60237 [(60237, 229681234790, 7.559343)]
60202 [(60202, 228287355762, 7.580275)]
60219 [(60219, 228639177264, 7.642625)]
60220 [(60220, 229549749242, 7.708796)]
60213 [(60213, 228503756284, 7.851522)]
60222 [(60222, 229102473164, 7.899388)]
60201 [(60201, 228808949906, 7.921926)]
60190 [(60190, 228123457147, 7.952968)]
60226 [(60226, 228808923471, 7.961738)]
60212 [(60212, 228566674704, 7.9968)]
60207 [(60207, 229078933800, 8.027811)]
60235 [(60235, 229772402279, 8.087123)]
60197 [(60197, 228245285955, 8.104777)]
60198 [(60198, 228864313687, 8.214063)]
60210 [(60210, 229214535481, 8.300474)]
60229 [(60229, 228864210183, 8.328495)]
60210 [(60210, 229223109627, 8.360238)]
60193 [(60193, 229480095864, 8.374361)]
60188 [(60188, 228474921598, 8.415047)]
60218 [(60218, 228619359489, 8.42706)]
60198 [(60198, 228369565475, 8.445884)]
60202 [(60202, 229349048865, 8.459545)]
60235 [(60235, 229667897406, 8.491305)]
60237 [(60237, 229697200892, 8.514814)]
60233 [(60233, 228957057102, 8.536972)]
60202 [(60202, 228912104495, 8.563182)]
60189 [(60189, 228256786217, 8.60577)]
60206 [(60206, 229265088067, 8.680521), (60206, 228358811573, 8.829513)]
60198 [(60198, 228358867885, 8.874942)]
60188 [(60188, 228090193417, 9.056146)]
60195 [(60195, 229035533004, 9.062685)]
60236 [(60236, 229550707141, 9.139206)]
60214 [(60214, 228538826324, 9.296383)]
60204 [(60204, 228300726500, 9.317808)]
60201 [(60201, 228322964327, 9.435577)]
60220 [(60220, 229539888307, 9.552495)]
60196 [(60196, 228300373129, 9.602157)]
60221 [(60221, 229770262489, 9.627988)]
60199 [(60199, 228257333660, 9.655893)]
60207 [(60207, 229443559974, 9.827613)]
60223 [(60223, 229524317760, 9.889354)]
60209 [(60209, 229325645815, 9.938718)]
60191 [(60191, 228132275820, 9.983315)]
60230 [(60230, 229443554602, 10.008298)]
60208 [(60208, 229240770935, 10.044743)]
60205 [(60205, 228323295793, 10.082169)]
60189 [(60189, 228119889476, 10.133164)]
60218 [(60218, 228628069065, 10.271434)]
60221 [(60221, 229753849712, 10.272834)]
60210 [(60210, 228628126304, 10.281883)]
60219 [(60219, 229460935105, 10.51102)]
60228 [(60228, 229830266454, 10.522244)]
60198 [(60198, 229048138266, 11.077098)]
60200 [(60200, 228334086790, 11.157291)]
60203 [(60203, 228886862827, 11.1677)]
60219 [(60219, 229239549978, 11.216678)]
60205 [(60205, 228333741299, 11.267805)]
60228 [(60228, 229818589103, 11.303113)]
60211 [(60211, 229535176374, 11.64544)]
60227 [(60227, 229185227269, 11.678969)]
60189 [(60189, 228107800682, 11.704447)]
60232 [(60232, 229729660012, 11.733283)]
60201 [(60201, 228310744268, 11.785398)]
60204 [(60204, 229335944101, 11.787168)]
60190 [(60190, 228423448828, 11.805367)]
60206 [(60206, 228345849455, 11.849618)]
60225 [(60225, 228778365215, 11.911202)]
60223 [(60223, 229511985969, 11.946116)]
60214 [(60214, 228526333423, 11.978699)]
60193 [(60193, 229059587638, 12.034232)]
60204 [(60204, 228310365134, 12.054331)]
60231 [(60231, 229453733650, 12.064236)]
60189 [(60189, 228243809157, 12.56709)]
60202 [(60202, 228898403473, 12.919117)]
60220 [(60220, 229707057475, 12.993621)]
60201 [(60201, 229303181259, 13.149817)]
60228 [(60228, 229622771900, 13.173343)]
60214 [(60214, 229383595509, 13.255381)]
60235 [(60235, 229654120750, 13.345894)]
60188 [(60188, 228461063360, 13.403929)]
60231 [(60231, 228911834552, 13.427685)]
60213 [(60213, 228511974985, 13.448527)]
60193 [(60193, 229466199138, 13.462244)]
60217 [(60217, 229490821564, 13.486594)]
60219 [(60219, 228647212127, 13.574891)]
60235 [(60235, 228985244165, 13.584467)]
60216 [(60216, 229162841507, 13.641506)]
60209 [(60209, 228647289749, 13.734999)]
60207 [(60207, 228692439080, 14.114058)]
60216 [(60216, 228578869977, 14.207764)]
60232 [(60232, 229367923115, 14.515292)]
60228 [(60228, 229390468184, 14.546178)]
60221 [(60221, 228691149137, 14.718606)]
60196 [(60196, 228848867241, 14.756837)]
60192 [(60192, 228985871388, 14.881744)]
60230 [(60230, 229428129567, 14.942917)]
60194 [(60194, 228205199097, 14.945716)]
60236 [(60236, 229110649119, 15.030884)]
60189 [(60189, 228204692242, 15.374643)]
60217 [(60217, 229707053132, 15.53014)]
60213 [(60213, 228525863152, 15.570167), (60213, 228545105563, 15.613989)]
60233 [(60233, 229575439072, 15.856475)]
60223 [(60223, 229078771322, 15.871593)]
60195 [(60195, 228227296411, 15.993246)]
60236 [(60236, 229005222055, 16.084771)]
60237 [(60237, 229028013385, 16.200027)]
60192 [(60192, 228154291755, 16.241825)]
60189 [(60189, 228131672252, 16.264782)]
60203 [(60203, 228278203361, 16.441696)]
60204 [(60204, 228926816737, 16.503042)]
60235 [(60235, 229846833974, 16.529005)]
60215 [(60215, 229747707773, 16.535873)]
60195 [(60195, 228486551723, 16.618842)]
60227 [(60227, 228824009594, 16.638661)]
60232 [(60232, 228931939152, 16.77442), (60232, 229597987830, 16.796735)]
60193 [(60193, 228175991099, 17.068987)]
60189 [(60189, 228090096126, 17.146884)]
60212 [(60212, 228485439753, 17.29544)]
60211 [(60211, 229285005131, 17.595342)]
60226 [(60226, 229049748395, 17.994081)]
60233 [(60233, 229126192423, 18.055566)]
60230 [(60230, 229638840326, 18.180712), (60230, 229798588841, 18.315533)]
60220 [(60220, 229255135910, 18.316191)]
60217 [(60217, 229723084336, 18.734265)]
60234 [(60234, 228957024921, 19.073264)]
60188 [(60188, 228099789602, 19.470505)]
60214 [(60214, 228819001938, 20.0385)]
60196 [(60196, 228244694772, 20.330942)]
60206 [(60206, 228710271621, 20.390674)]
60217 [(60217, 229185399037, 20.48074)]
60227 [(60227, 229155531720, 20.726807)]
60218 [(60218, 229208686529, 21.130298)]
60222 [(60222, 229489431729, 21.183401), (60222, 228707018068, 21.205575)]
60217 [(60217, 228594152730, 21.262319)]
60216 [(60216, 229780751107, 21.315619)]
60215 [(60215, 228548972799, 21.315677)]
60230 [(60230, 228886851021, 21.322338)]
60228 [(60228, 228841727232, 21.323154)]
60207 [(60207, 228368431235, 21.363922)]
60210 [(60210, 228436107547, 21.371019)]
60208 [(60208, 228390982432, 21.371605)]
60209 [(60209, 228413545716, 21.372922)]
60211 [(60211, 228458664583, 21.378983)]
60220 [(60220, 228661713297, 21.380572)]
60223 [(60223, 228729383871, 21.393286)]
60219 [(60219, 229707100137, 21.416366)]
60197 [(60197, 228516403570, 21.501534)]
60208 [(60208, 228663218962, 21.805825)]
60211 [(60211, 228593641693, 21.835091)]
60216 [(60216, 229557719632, 21.835568)]
60221 [(60221, 229277692623, 21.83598)]
60229 [(60229, 229405495988, 21.836465)]
60192 [(60192, 228378319668, 21.836572)]
60215 [(60215, 229117726278, 21.836811), (60215, 229602835439, 21.836877)]
60237 [(60237, 229300250340, 21.836951)]
60235 [(60235, 229322808039, 21.837108)]
60224 [(60224, 229580276907, 21.837609)]
60234 [(60234, 229345365135, 21.83761)]
60221 [(60221, 229625392493, 21.837618)]
60233 [(60233, 229802770017, 21.837667)]
60193 [(60193, 228400876577, 21.837774)]
60224 [(60224, 229140283060, 21.838087)]
60189 [(60189, 228175463972, 21.840961), (60189, 228152905881, 21.845556), (60189, 228220565788, 21.845712)]
60196 [(60196, 228277561841, 22.098185)]
60220 [(60220, 229677870031, 28.274729)]
60201 [(60201, 229072607369, 29.064665)]
60228 [(60228, 229841133849, 29.162316)]
60226 [(60226, 229012970459, 35.628421)]
60220 [(60220, 229830262476, 43.751782)]
60232 [(60232, 229382906728, 44.483296)]
60235 [(60235, 229794942095, 50.26973)]
60194 [(60194, 228461050057, 50.321969)]
60230 [(60230, 229818574993, 50.391549)]
60191 [(60191, 228456695397, 50.979365)]
60200 [(60200, 228277320024, 53.66481)]
60233 [(60233, 229591807140, 54.386104)]
60221 [(60221, 229780201114, 59.850149)]
60212 [(60212, 228503304169, 61.389408)]
60197 [(60197, 228450882876, 63.022768)]
60224 [(60224, 229602823505, 65.281165)]
60233 [(60233, 229825316530, 66.275658)]
60190 [(60190, 228437219466, 74.691379)]
60199 [(60199, 228272777046, 76.203416)]
60216 [(60216, 229802758933, 77.398472)]
60207 [(60207, 229453704665, 78.313273)]
60236 [(60236, 229021831726, 79.23495)]
60235 [(60235, 229676667068, 92.742409)]
60221 [(60221, 229647938836, 94.365684)]
60198 [(60198, 228256785112, 98.874801)]
60220 [(60220, 229723074943, 99.054211)]
60193 [(60193, 228955782119, 100.560582)]
60219 [(60219, 229729646718, 108.014155)]
60211 [(60211, 228480736550, 109.376014)]
60220 [(60220, 229557706755, 109.990229)]
60232 [(60232, 229615326495, 110.759654)]
60215 [(60215, 229625381324, 118.50263), (60215, 229770253054, 121.210069)]
60217 [(60217, 229745333562, 126.674681)]
60223 [(60223, 229534532032, 127.595321)]
60230 [(60230, 229661602170, 129.184405)]
60233 [(60233, 228978680014, 142.901512), (60233, 229654109360, 144.013878)]
60232 [(60232, 229436486402, 151.414003)]
60210 [(60210, 228458171286, 153.087835)]
60198 [(60198, 228872792769, 166.772909)]
60230 [(60230, 229460921207, 172.357711)]
60228 [(60228, 229638827848, 174.14227)]
60209 [(60209, 229335931291, 174.946386)]
60197 [(60197, 228253652225, 177.841591)]
60222 [(60222, 229511972981, 180.145506)]
60226 [(60226, 228818607649, 182.698766)]
60236 [(60236, 229575424954, 184.25824)]
60217 [(60217, 229515158143, 185.516981)]
60193 [(60193, 228204689547, 190.054787)]
60201 [(60201, 229103611671, 193.331358)]
60216 [(60216, 229580265746, 193.697292)]
60192 [(60192, 228175462816, 196.515992)]
60209 [(60209, 228435611410, 198.374637)]
60219 [(60219, 229254401952, 200.077536)]
60228 [(60228, 229405483680, 203.296163)]
60193 [(60193, 229488745209, 204.514958)]
60209 [(60209, 229102532435, 208.214889)]
60231 [(60231, 229466187127, 208.62621)]
60189 [(60189, 228265669644, 212.798033)]
60211 [(60211, 229303168169, 215.041245)]
60219 [(60219, 229484270308, 215.86485)]
60194 [(60194, 228222925303, 226.475654)]
60195 [(60195, 228243805663, 232.332321)]
60208 [(60208, 228413046860, 242.352616)]
60218 [(60218, 229231128416, 245.242726)]
60214 [(60214, 229406594919, 247.048159)]
60201 [(60201, 228817127425, 247.202734)]
60237 [(60237, 229044736090, 247.527471)]
60220 [(60220, 229277679907, 249.440141)]
60208 [(60208, 229256591246, 250.497593)]
60229 [(60229, 229428042077, 255.226139)]
60206 [(60206, 229279673795, 259.971384)]
60214 [(60214, 228548422645, 262.121738)]
60225 [(60225, 228801433492, 262.130812)]
60210 [(60210, 229233982895, 273.078285)]
60217 [(60217, 229207945142, 274.034382)]
60190 [(60190, 228131666710, 282.648905)]
60207 [(60207, 228390487596, 286.060173)]
60191 [(60191, 228148466085, 292.976653)]
60235 [(60235, 229345353949, 299.115814)]
60234 [(60234, 229367911479, 299.685958)]
60227 [(60227, 228841185085, 303.581685)]
60223 [(60223, 228751470645, 311.104246)]
60235 [(60235, 228999272726, 313.422613)]
60221 [(60221, 229300238440, 314.990593)]
60226 [(60226, 229072290965, 323.867906)]
60207 [(60207, 229096866071, 329.018767)]
60188 [(60188, 228119888303, 330.511131)]
60206 [(60206, 228367931189, 331.639942)]
60237 [(60237, 229322796335, 344.066127)]
60207 [(60207, 228710256100, 351.071062)]
60224 [(60224, 228777767495, 351.18425)]
60222 [(60222, 228728914119, 354.80677)]
60234 [(60234, 228976713565, 357.128743)]
60222 [(60222, 229117714268, 360.098742)]
60216 [(60216, 229185387545, 360.694331)]
60199 [(60199, 228358063326, 363.070923)]
60192 [(60192, 229004929026, 366.2062)]
60204 [(60204, 228945275380, 378.457736)]
60193 [(60193, 229072010142, 381.868089)]
60200 [(60200, 228351428243, 392.553135)]
60232 [(60232, 228953991484, 400.993542)]
60223 [(60223, 229095154996, 403.802378)]
60224 [(60224, 229162829760, 404.399285)]
60233 [(60233, 229154545159, 407.73833)]
60236 [(60236, 229126181679, 411.256223)]
60202 [(60202, 228921299379, 414.37952)]
60205 [(60205, 228345372648, 414.807442)]
60198 [(60198, 229059572755, 415.768742)]
60209 [(60209, 228663175068, 420.151908)]
60203 [(60203, 228898390842, 446.762348)]
60215 [(60215, 229140272384, 448.105079)]
60201 [(60201, 228332704333, 448.355081)]
60227 [(60227, 229200415213, 452.58494)]
60198 [(60198, 228378307462, 470.81542)]
60196 [(60196, 228864301022, 493.810834)]
60197 [(60197, 228538670017, 494.367138)]
60231 [(60231, 228931432178, 496.199777)]
60195 [(60195, 228509310813, 497.376166)]
60229 [(60229, 228886308228, 502.959839)]
60230 [(60230, 228908864890, 502.961659)]
60228 [(60228, 228863741544, 502.969308)]
60193 [(60193, 228423423158, 505.555069)]
60206 [(60206, 228732837013, 507.566097)]
60188 [(60188, 228483621255, 512.817811)]
60196 [(60196, 228310285090, 514.669942)]
60214 [(60214, 228841547041, 522.149668)]
60215 [(60215, 228570980056, 529.657357)]
60208 [(60208, 228685764982, 532.794035)]
60216 [(60216, 228593547802, 551.499546)]
60217 [(60217, 228616104227, 551.501176)]
60218 [(60218, 228638671897, 552.098148)]
60219 [(60219, 228661230446, 552.792994)]
60210 [(60210, 228640373648, 553.010792)]
60221 [(60221, 228706354575, 553.48014)]
60220 [(60220, 228683786862, 553.490994)]
60203 [(60203, 228300255081, 554.702551)]
60192 [(60192, 228400865578, 559.959593)]
60202 [(60202, 228300364272, 579.346593)]
60204 [(60204, 228322813903, 579.792317)]
60212 [(60212, 228593628000, 594.651976)]
60213 [(60213, 228566661478, 613.957274)]
60211 [(60211, 228616186583, 643.558201)]
